a1,a2,a3,a4,a4,a6,a7,a8,a9,a10,a11,a12,a13,a14,a15,a16,a17,a18,a19,a20,a21,a22,a23,a24,a25,a26,a27,a28,a29,a30,a31,a32,a33,a34,a35,a36
0,0,7.146575,400,0,254,0,0,0,4,0,0,0,100,0,0,0,3368.9165,0,2382.19175,0,0,0,0,0,2,0,0,0,19,18,4,4,4,4,4
0,0,7.146575,400,0,254,0,0,0,4,0,0,0,100,0,0,0,3368.9165,0,2382.19175,0,0,0,0,0,2,0,0,0,19,18,4,4,4,4,4
0,0,0.000005,200,0,254,0,0,0,2,0,0,0,100,0,0,0,0,0,0.005,0,0,0,0,0,2,0,0,0,19,18,4,4,4,4,4
0,0,0.000005,200,0,254,0,0,0,2,0,0,0,100,0,0,0,0,0,0.005,0,0,0,0,0,2,0,0,0,19,18,4,4,4,4,4
0,0,0.000002,200,0,254,0,0,0,2,0,0,0,100,0,0,0,0,0,0.002,0,0,0,0,0,2,0,0,0,19,18,4,4,4,4,4
0,0,0.000002,200,0,254,0,0,0,2,0,0,0,100,0,0,0,0,0,0.002,0,0,0,0,0,2,0,0,0,19,18,4,4,4,4,4
0,0,0.000002,200,0,254,0,0,0,2,0,0,0,100,0,0,0,0,0,0.01,0,0,0,0,0,2,0,0,0,19,18,4,4,4,4,4
0,0,0.000002,200,0,254,0,0,0,2,0,0,0,100,0,0,0,0,0,0.01,0,0,0,0,0,2,0,0,0,19,18,4,4,4,4,4
0,0,0.000006,200,0,254,0,0,0,2,0,0,0,100,0,0,0,0,0,0.008,0,0,0,0,0,2,0,0,0,12,12,6,6,6,6,6
0,0,0.000006,200,0,254,0,0,0,2,0,0,0,100,0,0,0,0,0,0.006,0,0,0,0,0,2,0,0,0,12,12,6,6,6,6,6
0,0,0.000006,200,0,254,0,0,0,2,0,0,0,100,0,0,0,0,0,0.006,0,0,0,0,0,2,0,0,0,12,12,6,6,6,6,6
0,0,0.000006,200,0,254,0,0,0,2,0,0,0,100,0,0,0,0,0,0.011,0,0,0,0,0,2,0,0,0,12,12,6,6,6,6,6
0,0,0.000006,200,0,254,0,0,0,2,0,0,0,100,0,0,0,0,0,0.008,0,0,0,0,0,2,0,0,0,12,12,6,6,6,6,6
0,0,0.000006,200,0,254,0,0,0,2,0,0,0,100,0,0,0,0,0,0.011,0,0,0,0,0,2,0,0,0,12,12,6,6,6,6,6
0,0,0.000011,200,0,254,0,0,0,2,0,0,0,100,0,0,0,0,0,0.011,0,0,0,0,0,2,0,0,0,12,12,2,2,2,2,2
0,0,0.000011,200,0,254,0,0,0,2,0,0,0,100,0,0,0,0,0,0.011,0,0,0,0,0,2,0,0,0,12,12,2,2,2,2,2
0,0,0.000006,200,0,254,0,0,0,2,0,0,0,100,0,0,0,0,0,0.006,0,0,0,0,0,2,0,0,0,12,12,3,3,2,2,3
0,0,0.000006,200,0,254,0,0,0,2,0,0,0,100,0,0,0,0,0,0.006,0,0,0,0,0,2,0,0,0,12,12,3,3,2,2,3
0,0,0.00001,200,0,254,0,0,0,2,0,0,0,100,0,0,0,0,0,0.01,0,0,0,0,0,2,0,0,0,12,12,2,2,2,2,2
0,0,0.00001,200,0,254,0,0,0,2,0,0,0,100,0,0,0,0,0,0.011,0,0,0,0,0,2,0,0,0,12,12,2,2,2,2,2
0,0,0.00001,200,0,254,0,0,0,2,0,0,0,100,0,0,0,0,0,0.01,0,0,0,0,0,2,0,0,0,12,12,2,2,2,2,2
0,0,0.00001,200,0,254,0,0,0,2,0,0,0,100,0,0,0,0,0,0.011,0,0,0,0,0,2,0,0,0,12,12,2,2,2,2,2
0,0,0.00001,200,0,254,0,0,0,2,0,0,0,100,0,0,0,0,0,0.01,0,0,0,0,0,2,0,0,0,12,12,2,2,2,2,2
0,0,0.00001,200,0,254,0,0,0,2,0,0,0,100,0,0,0,0,0,0.01,0,0,0,0,0,2,0,0,0,12,12,2,2,2,2,2
0,0,0.00001,200,0,254,0,0,0,2,0,0,0,100,0,0,0,0,0,0.01,0,0,0,0,0,2,0,0,0,12,12,4,5,4,4,4
0,0,0.00001,200,0,254,0,0,0,2,0,0,0,100,0,0,0,0,0,0.01,0,0,0,0,0,2,0,0,0,12,12,4,5,4,4,4
0,0,0.00001,200,0,254,0,0,0,2,0,0,0,100,0,0,0,0,0,0.01,0,0,0,0,0,2,0,0,0,12,12,4,5,4,4,4
0,0,0.00001,200,0,254,0,0,0,2,0,0,0,100,0,0,0,0,0,0.01,0,0,0,0,0,2,0,0,0,12,12,4,5,4,4,4
0,0,0.000002,200,0,254,0,0,0,2,0,0,0,100,0,0,0,0,0,0.002,0,0,0,0,0,2,0,0,0,12,12,2,2,2,2,2
0,0,0.000002,200,0,254,0,0,0,2,0,0,0,100,0,0,0,0,0,0.002,0,0,0,0,0,2,0,0,0,12,12,2,2,2,2,2
0,0,0.00001,200,0,254,0,0,0,2,0,0,0,100,0,0,0,0,0,0.006,0,0,0,0,0,2,0,0,0,12,12,2,2,2,2,2
0,0,0.00001,200,0,254,0,0,0,2,0,0,0,100,0,0,0,0,0,0.01,0,0,0,0,0,2,0,0,0,12,12,2,2,2,2,2
0,0,0.00001,200,0,254,0,0,0,2,0,0,0,100,0,0,0,0,0,0.006,0,0,0,0,0,2,0,0,0,10,10,2,2,2,2,2
0,0,0.00001,200,0,254,0,0,0,2,0,0,0,100,0,0,0,0,0,0.01,0,0,0,0,0,2,0,0,0,10,10,2,2,2,2,2
0,0,0.000011,200,0,254,0,0,0,2,0,0,0,100,0,0,0,0,0,0.011,0,0,0,0,0,2,0,0,0,10,10,4,4,4,4,4
0,0,0.000011,200,0,254,0,0,0,2,0,0,0,100,0,0,0,0,0,0.01,0,0,0,0,0,2,0,0,0,10,10,4,4,4,4,4
0,0,0.000011,200,0,254,0,0,0,2,0,0,0,100,0,0,0,0,0,0.011,0,0,0,0,0,2,0,0,0,10,10,4,4,4,4,4
0,0,0.000011,200,0,254,0,0,0,2,0,0,0,100,0,0,0,0,0,0.01,0,0,0,0,0,2,0,0,0,10,10,4,4,4,4,4
0,0,0.00001,200,0,254,0,0,0,2,0,0,0,100,0,0,0,0,0,0.01,0,0,0,0,0,2,0,0,0,10,10,2,2,2,2,2
0,0,0.00001,200,0,254,0,0,0,2,0,0,0,100,0,0,0,0,0,0.01,0,0,0,0,0,2,0,0,0,10,10,2,2,2,2,2
0,0,0.000007,200,0,254,0,0,0,2,0,0,0,100,0,0,0,0,0,0.007,0,0,0,0,0,2,0,0,0,10,10,2,3,2,2,2
0,0,0.000007,200,0,254,0,0,0,2,0,0,0,100,0,0,0,0,0,0.007,0,0,0,0,0,2,0,0,0,10,10,2,3,2,2,2
0,0,0.000008,200,0,254,0,0,0,2,0,0,0,100,0,0,0,0,0,0.011,0,0,0,0,0,2,0,0,0,15,12,7,9,6,6,7
0,0,0.000008,200,0,254,0,0,0,2,0,0,0,100,0,0,0,0,0,0.011,0,0,0,0,0,2,0,0,0,15,12,7,9,6,6,7
0,0,0.000008,200,0,254,0,0,0,2,0,0,0,100,0,0,0,0,0,0.008,0,0,0,0,0,2,0,0,0,15,12,7,9,6,6,7
0,0,0.000008,200,0,254,0,0,0,2,0,0,0,100,0,0,0,0,0,0.01,0,0,0,0,0,2,0,0,0,15,12,7,9,6,6,7
0,0,0.000008,200,0,254,0,0,0,2,0,0,0,100,0,0,0,0,0,0.008,0,0,0,0,0,2,0,0,0,15,12,7,9,6,6,7
0,0,0.000008,200,0,254,0,0,0,2,0,0,0,100,0,0,0,0,0,0.01,0,0,0,0,0,2,0,0,0,15,12,7,9,6,6,7
0,0,0.00001,200,0,254,0,0,0,2,0,0,0,100,0,0,0,0,0,0.01,0,0,0,0,0,2,0,0,0,15,12,2,7,2,2,2
0,0,0.00001,200,0,254,0,0,0,2,0,0,0,100,0,0,0,0,0,0.01,0,0,0,0,0,2,0,0,0,15,12,2,7,2,2,2
0,0,0.000008,200,0,254,0,0,0,2,0,0,0,100,0,0,0,0,0,0.008,0,0,0,0,0,2,0,0,0,15,12,4,7,4,4,4
0,0,0.000008,200,0,254,0,0,0,2,0,0,0,100,0,0,0,0,0,0.001,0,0,0,0,0,2,0,0,0,15,12,4,7,4,4,4
0,0,0.000008,200,0,254,0,0,0,2,0,0,0,100,0,0,0,0,0,0.001,0,0,0,0,0,2,0,0,0,15,12,4,7,4,4,4
0,0,0.000008,200,0,254,0,0,0,2,0,0,0,100,0,0,0,0,0,0.008,0,0,0,0,0,2,0,0,0,15,12,4,7,4,4,4
0,0,0.000007,200,0,254,0,0,0,2,0,0,0,100,0,0,0,0,0,0.007,0,0,0,0,0,2,0,0,0,8,9,4,4,4,4,4
0,0,0.000007,200,0,254,0,0,0,2,0,0,0,100,0,0,0,0,0,0.011,0,0,0,0,0,2,0,0,0,8,9,4,4,4,4,4
0,0,0.000007,200,0,254,0,0,0,2,0,0,0,100,0,0,0,0,0,0.007,0,0,0,0,0,2,0,0,0,8,9,4,4,4,4,4
0,0,0.000007,200,0,254,0,0,0,2,0,0,0,100,0,0,0,0,0,0.011,0,0,0,0,0,2,0,0,0,8,9,4,4,4,4,4
0,0,0.000011,200,0,254,0,0,0,2,0,0,0,100,0,0,0,0,0,0.011,0,0,0,0,0,2,0,0,0,8,9,2,9,2,2,2
0,0,0.000011,200,0,254,0,0,0,2,0,0,0,100,0,0,0,0,0,0.011,0,0,0,0,0,2,0,0,0,8,9,2,9,2,2,2
0,0,0.000011,200,0,254,0,0,0,2,0,0,0,100,0,0,0,0,0,0.011,0,0,0,0,0,2,0,0,0,8,9,2,2,2,2,2
0,0,0.000011,200,0,254,0,0,0,2,0,0,0,100,0,0,0,0,0,0.011,0,0,0,0,0,2,0,0,0,8,9,2,2,2,2,2
0,0,0.000004,200,0,254,0,0,0,2,0,0,0,100,0,0,0,0,0,0.011,0,0,0,0,0,2,0,0,0,14,14,4,8,4,4,4
0,0,0.000004,200,0,254,0,0,0,2,0,0,0,100,0,0,0,0,0,0.004,0,0,0,0,0,2,0,0,0,14,14,4,8,4,4,4
0,0,0.000004,200,0,254,0,0,0,2,0,0,0,100,0,0,0,0,0,0.011,0,0,0,0,0,2,0,0,0,14,14,4,8,4,4,4
0,0,0.000004,200,0,254,0,0,0,2,0,0,0,100,0,0,0,0,0,0.004,0,0,0,0,0,2,0,0,0,14,14,4,8,4,4,4
0,0,0.000003,200,0,254,0,0,0,2,0,0,0,100,0,0,0,0,0,0.003,0,0,0,0,0,2,0,0,0,14,14,4,7,4,4,4
0,0,0.000003,200,0,254,0,0,0,2,0,0,0,100,0,0,0,0,0,0.011,0,0,0,0,0,2,0,0,0,14,14,4,7,4,4,4
0,0,0.000003,200,0,254,0,0,0,2,0,0,0,100,0,0,0,0,0,0.003,0,0,0,0,0,2,0,0,0,14,14,4,7,4,4,4
0,0,0.000003,200,0,254,0,0,0,2,0,0,0,100,0,0,0,0,0,0.011,0,0,0,0,0,2,0,0,0,14,14,4,7,4,4,4
0,0,0.000003,200,0,254,0,0,0,2,0,0,0,100,0,0,0,0,0,0.005,0,0,0,0,0,2,0,0,0,14,14,6,8,6,6,6
0,0,0.000003,200,0,254,0,0,0,2,0,0,0,100,0,0,0,0,0,0.034,0,0,0,0,0,2,0,0,0,14,14,6,8,6,6,6
0,0,0.000003,200,0,254,0,0,0,2,0,0,0,100,0,0,0,0,0,0.003,0,0,0,0,0,2,0,0,0,14,14,6,8,6,6,6
0,0,0.000003,200,0,254,0,0,0,2,0,0,0,100,0,0,0,0,0,0.034,0,0,0,0,0,2,0,0,0,14,14,6,8,6,6,6
0,0,0.000003,200,0,254,0,0,0,2,0,0,0,100,0,0,0,0,0,0.003,0,0,0,0,0,2,0,0,0,14,14,6,8,6,6,6
0,0,0.000003,200,0,254,0,0,0,2,0,0,0,100,0,0,0,0,0,0.005,0,0,0,0,0,2,0,0,0,14,14,6,8,6,6,6
0,0,0.000008,200,0,254,0,0,0,2,0,0,0,100,0,0,0,0,0,0.008,0,0,0,0,0,2,0,0,0,9,9,2,2,2,2,2
0,0,0.000008,200,0,254,0,0,0,2,0,0,0,100,0,0,0,0,0,0.008,0,0,0,0,0,2,0,0,0,9,9,2,2,2,2,2
0,0,0.000011,200,0,254,0,0,0,2,0,0,0,100,0,0,0,0,0,0.006,0,0,0,0,0,2,0,0,0,9,9,7,13,6,6,6
0,0,0.000011,200,0,254,0,0,0,2,0,0,0,100,0,0,0,0,0,0.006,0,0,0,0,0,2,0,0,0,9,9,7,13,6,6,6
0,0,0.000011,200,0,254,0,0,0,2,0,0,0,100,0,0,0,0,0,0.004,0,0,0,0,0,2,0,0,0,9,9,7,13,6,6,6
0,0,0.000011,200,0,254,0,0,0,2,0,0,0,100,0,0,0,0,0,0.011,0,0,0,0,0,2,0,0,0,9,9,7,13,6,6,6
0,0,0.000011,200,0,254,0,0,0,2,0,0,0,100,0,0,0,0,0,0.004,0,0,0,0,0,2,0,0,0,9,9,7,13,6,6,6
0,0,0.000011,200,0,254,0,0,0,2,0,0,0,100,0,0,0,0,0,0.011,0,0,0,0,0,2,0,0,0,9,9,7,13,6,6,6
0,0,0.000007,200,0,254,0,0,0,2,0,0,0,100,0,0,0,0,0,0.006,0,0,0,0,0,2,0,0,0,9,9,1,5,1,1,1
0,0,0.000007,200,0,254,0,0,0,2,0,0,0,100,0,0,0,0,0,0.011,0,0,0,0,0,2,0,0,0,14,13,5,5,5,5,5
0,0,0.000007,200,0,254,0,0,0,2,0,0,0,100,0,0,0,0,0,0.011,0,0,0,0,0,2,0,0,0,14,13,5,5,5,5,5
0,0,0.000007,200,0,254,0,0,0,2,0,0,0,100,0,0,0,0,0,0.007,0,0,0,0,0,2,0,0,0,14,13,5,5,5,5,5
0,0,0.000007,200,0,254,0,0,0,2,0,0,0,100,0,0,0,0,0,0.006,0,0,0,0,0,2,0,0,0,14,13,5,5,5,5,5
0,0,0.000007,200,0,254,0,0,0,2,0,0,0,100,0,0,0,0,0,0.007,0,0,0,0,0,2,0,0,0,14,13,5,5,5,5,5
0,0,0.000003,200,0,254,0,0,0,2,0,0,0,100,0,0,0,0,0,0.003,0,0,0,0,0,2,0,0,0,14,13,4,7,4,4,4
0,0,0.000003,200,0,254,0,0,0,2,0,0,0,100,0,0,0,0,0,0.008,0,0,0,0,0,2,0,0,0,14,13,4,7,4,4,4
0,0,0.000003,200,0,254,0,0,0,2,0,0,0,100,0,0,0,0,0,0.008,0,0,0,0,0,2,0,0,0,14,13,4,7,4,4,4
0,0,0.000003,200,0,254,0,0,0,2,0,0,0,100,0,0,0,0,0,0.003,0,0,0,0,0,2,0,0,0,14,13,4,7,4,4,4
0,0,0.000008,200,0,254,0,0,0,2,0,0,0,100,0,0,0,0,0,0.009,0,0,0,0,0,2,0,0,0,14,13,4,11,4,4,4
0,0,0.000008,200,0,254,0,0,0,2,0,0,0,100,0,0,0,0,0,0.008,0,0,0,0,0,2,0,0,0,14,13,4,11,4,4,4
0,0,0.000008,200,0,254,0,0,0,2,0,0,0,100,0,0,0,0,0,0.009,0,0,0,0,0,2,0,0,0,14,13,4,11,4,4,4
0,0,0.000008,200,0,254,0,0,0,2,0,0,0,100,0,0,0,0,0,0.008,0,0,0,0,0,2,0,0,0,14,13,4,11,4,4,4
0,0,0.00001,200,0,254,0,0,0,2,0,0,0,100,0,0,0,0,0,0.007,0,0,0,0,0,2,0,0,0,14,14,6,6,6,6,6
0,0,0.00001,200,0,254,0,0,0,2,0,0,0,100,0,0,0,0,0,0.007,0,0,0,0,0,2,0,0,0,14,14,6,6,6,6,6
0,0,0.00001,200,0,254,0,0,0,2,0,0,0,100,0,0,0,0,0,0.003,0,0,0,0,0,2,0,0,0,14,14,6,6,6,6,6
0,0,0.00001,200,0,254,0,0,0,2,0,0,0,100,0,0,0,0,0,0.003,0,0,0,0,0,2,0,0,0,14,14,6,6,6,6,6
0,0,0.00001,200,0,254,0,0,0,2,0,0,0,100,0,0,0,0,0,0.01,0,0,0,0,0,2,0,0,0,14,14,6,6,6,6,6
0,0,0.00001,200,0,254,0,0,0,2,0,0,0,100,0,0,0,0,0,0.01,0,0,0,0,0,2,0,0,0,14,14,6,6,6,6,6
0,0,0.000004,200,0,254,0,0,0,2,0,0,0,100,0,0,0,0,0,0.004,0,0,0,0,0,2,0,0,0,14,14,4,11,4,4,4
0,0,0.000004,200,0,254,0,0,0,2,0,0,0,100,0,0,0,0,0,0.004,0,0,0,0,0,2,0,0,0,14,14,4,11,4,4,4
0,0,0.000004,200,0,254,0,0,0,2,0,0,0,100,0,0,0,0,0,0.004,0,0,0,0,0,2,0,0,0,14,14,4,11,4,4,4
0,0,0.000004,200,0,254,0,0,0,2,0,0,0,100,0,0,0,0,0,0.004,0,0,0,0,0,2,0,0,0,14,14,4,11,4,4,4
0,0,0.000006,200,0,254,0,0,0,2,0,0,0,100,0,0,0,0,0,0.01,0,0,0,0,0,2,0,0,0,14,14,4,8,4,4,4
0,0,0.000006,200,0,254,0,0,0,2,0,0,0,100,0,0,0,0,0,0.006,0,0,0,0,0,2,0,0,0,14,14,4,8,4,4,4
0,0,0.000006,200,0,254,0,0,0,2,0,0,0,100,0,0,0,0,0,0.01,0,0,0,0,0,2,0,0,0,14,14,4,8,4,4,4
0,0,0.000006,200,0,254,0,0,0,2,0,0,0,100,0,0,0,0,0,0.006,0,0,0,0,0,2,0,0,0,14,14,4,8,4,4,4
0,0,0.000004,200,0,254,0,0,0,2,0,0,0,100,0,0,0,0,0,0.004,0,0,0,0,0,2,0,0,0,13,11,2,6,2,2,2
0,0,0.000004,200,0,254,0,0,0,2,0,0,0,100,0,0,0,0,0,0.004,0,0,0,0,0,2,0,0,0,13,11,2,6,2,2,2
0,0,0.00001,200,0,254,0,0,0,2,0,0,0,100,0,0,0,0,0,0.01,0,0,0,0,0,2,0,0,0,13,11,2,7,2,2,2
0,0,0.00001,200,0,254,0,0,0,2,0,0,0,100,0,0,0,0,0,0.01,0,0,0,0,0,2,0,0,0,13,11,2,7,2,2,2
0,0,0.000003,200,0,254,0,0,0,2,0,0,0,100,0,0,0,0,0,0.004,0,0,0,0,0,2,0,0,0,13,11,7,10,6,6,7
0,0,0.000003,200,0,254,0,0,0,2,0,0,0,100,0,0,0,0,0,0.003,0,0,0,0,0,2,0,0,0,13,11,7,10,6,6,7
0,0,0.000003,200,0,254,0,0,0,2,0,0,0,100,0,0,0,0,0,0.004,0,0,0,0,0,2,0,0,0,13,11,7,10,6,6,7
0,0,0.000003,200,0,254,0,0,0,2,0,0,0,100,0,0,0,0,0,0.007,0,0,0,0,0,2,0,0,0,13,11,7,10,6,6,7
0,0,0.000003,200,0,254,0,0,0,2,0,0,0,100,0,0,0,0,0,0.003,0,0,0,0,0,2,0,0,0,13,11,7,10,6,6,7
0,0,0.000003,200,0,254,0,0,0,2,0,0,0,100,0,0,0,0,0,0.007,0,0,0,0,0,2,0,0,0,13,11,7,10,6,6,7
0,0,0.000003,200,0,254,0,0,0,2,0,0,0,100,0,0,0,0,0,0.003,0,0,0,0,0,2,0,0,0,10,10,4,8,4,4,4
0,0,0.000003,200,0,254,0,0,0,2,0,0,0,100,0,0,0,0,0,0.003,0,0,0,0,0,2,0,0,0,10,10,4,8,4,4,4
0,0,0.000003,200,0,254,0,0,0,2,0,0,0,100,0,0,0,0,0,0.003,0,0,0,0,0,2,0,0,0,10,10,4,8,4,4,4
0,0,0.000003,200,0,254,0,0,0,2,0,0,0,100,0,0,0,0,0,0.003,0,0,0,0,0,2,0,0,0,10,10,4,8,4,4,4
0,0,0.000007,200,0,254,0,0,0,2,0,0,0,100,0,0,0,0,0,0.004,0,0,0,0,0,2,0,0,0,10,10,6,9,6,6,6
0,0,0.000007,200,0,254,0,0,0,2,0,0,0,100,0,0,0,0,0,0.006,0,0,0,0,0,2,0,0,0,10,10,6,9,6,6,6
0,0,0.000007,200,0,254,0,0,0,2,0,0,0,100,0,0,0,0,0,0.006,0,0,0,0,0,2,0,0,0,10,10,6,9,6,6,6
0,0,0.000007,200,0,254,0,0,0,2,0,0,0,100,0,0,0,0,0,0.004,0,0,0,0,0,2,0,0,0,10,10,6,9,6,6,6
0,0,0.000007,200,0,254,0,0,0,2,0,0,0,100,0,0,0,0,0,0.007,0,0,0,0,0,2,0,0,0,10,10,6,9,6,6,6
0,0,0.000007,200,0,254,0,0,0,2,0,0,0,100,0,0,0,0,0,0.007,0,0,0,0,0,2,0,0,0,10,10,6,9,6,6,6
0,0,0.00001,200,0,254,0,0,0,2,0,0,0,100,0,0,0,0,0,0.01,0,0,0,0,0,2,0,0,0,12,12,2,9,2,2,2
0,0,0.00001,200,0,254,0,0,0,2,0,0,0,100,0,0,0,0,0,0.01,0,0,0,0,0,2,0,0,0,12,12,2,9,2,2,2
0,0,0.000035,200,0,254,0,0,0,2,0,0,0,100,0,0,0,0,0,0.007,0,0,0,0,0,2,0,0,0,12,12,6,6,6,6,6
0,0,0.000035,200,0,254,0,0,0,2,0,0,0,100,0,0,0,0,0,0.007,0,0,0,0,0,2,0,0,0,12,12,6,6,6,6,6
0,0,0.000035,200,0,254,0,0,0,2,0,0,0,100,0,0,0,0,0,0.01,0,0,0,0,0,2,0,0,0,12,12,6,6,6,6,6
0,0,0.000035,200,0,254,0,0,0,2,0,0,0,100,0,0,0,0,0,0.035,0,0,0,0,0,2,0,0,0,12,12,6,6,6,6,6
0,0,0.000035,200,0,254,0,0,0,2,0,0,0,100,0,0,0,0,0,0.035,0,0,0,0,0,2,0,0,0,12,12,6,6,6,6,6
0,0,0.000035,200,0,254,0,0,0,2,0,0,0,100,0,0,0,0,0,0.01,0,0,0,0,0,2,0,0,0,12,12,6,6,6,6,6
0,0,0.000011,200,0,254,0,0,0,2,0,0,0,100,0,0,0,0,0,0.01,0,0,0,0,0,2,0,0,0,12,12,4,11,4,4,4
0,0,0.000011,200,0,254,0,0,0,2,0,0,0,100,0,0,0,0,0,0.011,0,0,0,0,0,2,0,0,0,12,12,4,11,4,4,4
0,0,0.000011,200,0,254,0,0,0,2,0,0,0,100,0,0,0,0,0,0.01,0,0,0,0,0,2,0,0,0,12,12,4,11,4,4,4
0,0,0.000011,200,0,254,0,0,0,2,0,0,0,100,0,0,0,0,0,0.011,0,0,0,0,0,2,0,0,0,12,12,4,11,4,4,4
0,0,0.000003,200,0,254,0,0,0,2,0,0,0,100,0,0,0,0,0,0.007,0,0,0,0,0,2,0,0,0,15,14,8,8,8,8,8
0,0,0.000003,200,0,254,0,0,0,2,0,0,0,100,0,0,0,0,0,0.003,0,0,0,0,0,2,0,0,0,15,14,8,8,8,8,8
0,0,0.000003,200,0,254,0,0,0,2,0,0,0,100,0,0,0,0,0,0.01,0,0,0,0,0,2,0,0,0,15,14,8,8,8,8,8
0,0,0.000003,200,0,254,0,0,0,2,0,0,0,100,0,0,0,0,0,0.007,0,0,0,0,0,2,0,0,0,15,14,8,8,8,8,8
0,0,0.000003,200,0,254,0,0,0,2,0,0,0,100,0,0,0,0,0,0.003,0,0,0,0,0,2,0,0,0,15,14,8,8,8,8,8
0,0,0.000003,200,0,254,0,0,0,2,0,0,0,100,0,0,0,0,0,0.01,0,0,0,0,0,2,0,0,0,15,14,8,8,8,8,8
0,0,0.000003,200,0,254,0,0,0,2,0,0,0,100,0,0,0,0,0,0.011,0,0,0,0,0,2,0,0,0,15,14,8,8,8,8,8
0,0,0.000003,200,0,254,0,0,0,2,0,0,0,100,0,0,0,0,0,0.011,0,0,0,0,0,2,0,0,0,15,14,8,8,8,8,8
0,0,0.00001,200,0,254,0,0,0,2,0,0,0,100,0,0,0,0,0,0.01,0,0,0,0,0,2,0,0,0,15,14,2,6,2,2,2
0,0,0.00001,200,0,254,0,0,0,2,0,0,0,100,0,0,0,0,0,0.01,0,0,0,0,0,2,0,0,0,15,14,2,6,2,2,2
0,0,0.00001,200,0,254,0,0,0,2,0,0,0,100,0,0,0,0,0,0.01,0,0,0,0,0,2,0,0,0,15,14,4,9,4,4,4
0,0,0.00001,200,0,254,0,0,0,2,0,0,0,100,0,0,0,0,0,0.002,0,0,0,0,0,2,0,0,0,15,14,4,9,4,4,4
0,0,0.00001,200,0,254,0,0,0,2,0,0,0,100,0,0,0,0,0,0.01,0,0,0,0,0,2,0,0,0,15,14,4,9,4,4,4
0,0,0.00001,200,0,254,0,0,0,2,0,0,0,100,0,0,0,0,0,0.002,0,0,0,0,0,2,0,0,0,15,14,4,9,4,4,4
0,0,0.000003,200,0,254,0,0,0,2,0,0,0,100,0,0,0,0,0,0.005,0,0,0,0,0,2,0,0,0,12,12,4,4,4,4,4
0,0,0.000003,200,0,254,0,0,0,2,0,0,0,100,0,0,0,0,0,0.003,0,0,0,0,0,2,0,0,0,12,12,4,4,4,4,4
0,0,0.000003,200,0,254,0,0,0,2,0,0,0,100,0,0,0,0,0,0.005,0,0,0,0,0,2,0,0,0,12,12,4,4,4,4,4
0,0,0.000003,200,0,254,0,0,0,2,0,0,0,100,0,0,0,0,0,0.003,0,0,0,0,0,2,0,0,0,12,12,4,4,4,4,4
0,0,0.00001,200,0,254,0,0,0,2,0,0,0,100,0,0,0,0,0,0.01,0,0,0,0,0,2,0,0,0,12,12,4,11,4,4,4
0,0,0.00001,200,0,254,0,0,0,2,0,0,0,100,0,0,0,0,0,0.007,0,0,0,0,0,2,0,0,0,12,12,4,11,4,4,4
0,0,0.00001,200,0,254,0,0,0,2,0,0,0,100,0,0,0,0,0,0.01,0,0,0,0,0,2,0,0,0,12,12,4,11,4,4,4
0,0,0.00001,200,0,254,0,0,0,2,0,0,0,100,0,0,0,0,0,0.007,0,0,0,0,0,2,0,0,0,12,12,4,11,4,4,4
0,0,0.000007,200,0,254,0,0,0,2,0,0,0,100,0,0,0,0,0,0.007,0,0,0,0,0,2,0,0,0,12,12,2,2,2,2,2
0,0,0.000007,200,0,254,0,0,0,2,0,0,0,100,0,0,0,0,0,0.007,0,0,0,0,0,2,0,0,0,12,12,2,2,2,2,2
0,0,0.00001,200,0,254,0,0,0,2,0,0,0,100,0,0,0,0,0,0.01,0,0,0,0,0,2,0,0,0,12,12,2,8,2,2,2
0,0,0.00001,200,0,254,0,0,0,2,0,0,0,100,0,0,0,0,0,0.01,0,0,0,0,0,2,0,0,0,12,12,2,8,2,2,2
0,0,0.000008,200,0,254,0,0,0,2,0,0,0,100,0,0,0,0,0,0.011,0,0,0,0,0,2,0,0,0,10,10,6,10,6,6,6
0,0,0.000008,200,0,254,0,0,0,2,0,0,0,100,0,0,0,0,0,0.008,0,0,0,0,0,2,0,0,0,10,10,6,10,6,6,6
0,0,0.000008,200,0,254,0,0,0,2,0,0,0,100,0,0,0,0,0,0.016,0,0,0,0,0,2,0,0,0,10,10,6,10,6,6,6
0,0,0.000008,200,0,254,0,0,0,2,0,0,0,100,0,0,0,0,0,0.011,0,0,0,0,0,2,0,0,0,10,10,6,10,6,6,6
0,0,0.000008,200,0,254,0,0,0,2,0,0,0,100,0,0,0,0,0,0.016,0,0,0,0,0,2,0,0,0,10,10,6,10,6,6,6
0,0,0.000008,200,0,254,0,0,0,2,0,0,0,100,0,0,0,0,0,0.008,0,0,0,0,0,2,0,0,0,10,10,6,10,6,6,6
0,0,0.000004,200,0,254,0,0,0,2,0,0,0,100,0,0,0,0,0,0.004,0,0,0,0,0,2,0,0,0,10,10,3,5,2,2,2
0,0,0.000004,200,0,254,0,0,0,2,0,0,0,100,0,0,0,0,0,0.004,0,0,0,0,0,2,0,0,0,10,10,3,5,2,2,2
0,0,0.000004,200,0,254,0,0,0,2,0,0,0,100,0,0,0,0,0,0.004,0,0,0,0,0,2,0,0,0,11,11,4,8,4,4,4
0,0,0.000004,200,0,254,0,0,0,2,0,0,0,100,0,0,0,0,0,0.011,0,0,0,0,0,2,0,0,0,11,11,4,8,4,4,4
0,0,0.000004,200,0,254,0,0,0,2,0,0,0,100,0,0,0,0,0,0.004,0,0,0,0,0,2,0,0,0,11,11,4,8,4,4,4
0,0,0.000004,200,0,254,0,0,0,2,0,0,0,100,0,0,0,0,0,0.011,0,0,0,0,0,2,0,0,0,11,11,4,8,4,4,4
0,0,0.000003,200,0,254,0,0,0,2,0,0,0,100,0,0,0,0,0,0.003,0,0,0,0,0,2,0,0,0,11,11,5,5,4,4,5
0,0,0.000003,200,0,254,0,0,0,2,0,0,0,100,0,0,0,0,0,0.003,0,0,0,0,0,2,0,0,0,11,11,5,5,4,4,5
0,0,0.000003,200,0,254,0,0,0,2,0,0,0,100,0,0,0,0,0,0.011,0,0,0,0,0,2,0,0,0,11,11,5,5,4,4,5
0,0,0.000003,200,0,254,0,0,0,2,0,0,0,100,0,0,0,0,0,0.011,0,0,0,0,0,2,0,0,0,11,11,5,5,4,4,5
0,0,0.00001,200,0,254,0,0,0,2,0,0,0,100,0,0,0,0,0,0.01,0,0,0,0,0,2,0,0,0,11,11,2,5,2,2,2
0,0,0.00001,200,0,254,0,0,0,2,0,0,0,100,0,0,0,0,0,0.01,0,0,0,0,0,2,0,0,0,11,11,2,5,2,2,2
0,0,0.000006,200,0,254,0,0,0,2,0,0,0,100,0,0,0,0,0,0.006,0,0,0,0,0,2,0,0,0,10,9,4,7,4,4,4
0,0,0.000006,200,0,254,0,0,0,2,0,0,0,100,0,0,0,0,0,0.003,0,0,0,0,0,2,0,0,0,10,9,4,7,4,4,4
0,0,0.000006,200,0,254,0,0,0,2,0,0,0,100,0,0,0,0,0,0.006,0,0,0,0,0,2,0,0,0,10,9,4,7,4,4,4
0,0,0.000006,200,0,254,0,0,0,2,0,0,0,100,0,0,0,0,0,0.003,0,0,0,0,0,2,0,0,0,10,9,4,7,4,4,4
0,0,0.000006,200,0,254,0,0,0,2,0,0,0,100,0,0,0,0,0,0.006,0,0,0,0,0,2,0,0,0,10,9,3,4,2,2,3
0,0,0.000006,200,0,254,0,0,0,2,0,0,0,100,0,0,0,0,0,0.006,0,0,0,0,0,2,0,0,0,10,9,3,4,2,2,3
0,0,0.000002,200,0,254,0,0,0,2,0,0,0,100,0,0,0,0,0,0.002,0,0,0,0,0,2,0,0,0,10,9,2,6,2,2,2
0,0,0.000002,200,0,254,0,0,0,2,0,0,0,100,0,0,0,0,0,0.002,0,0,0,0,0,2,0,0,0,10,9,2,6,2,2,2
0,0,0.000007,200,0,254,0,0,0,2,0,0,0,100,0,0,0,0,0,0.007,0,0,0,0,0,2,0,0,0,10,9,2,4,2,2,2
0,0,0.000007,200,0,254,0,0,0,2,0,0,0,100,0,0,0,0,0,0.007,0,0,0,0,0,2,0,0,0,10,9,2,4,2,2,2
0,0,0.00001,200,0,254,0,0,0,2,0,0,0,100,0,0,0,0,0,0.01,0,0,0,0,0,2,0,0,0,10,9,6,9,4,4,5
0,0,0.00001,200,0,254,0,0,0,2,0,0,0,100,0,0,0,0,0,0.005,0,0,0,0,0,2,0,0,0,10,9,6,9,4,4,5
0,0,0.00001,200,0,254,0,0,0,2,0,0,0,100,0,0,0,0,0,0.01,0,0,0,0,0,2,0,0,0,10,9,6,9,4,4,5
0,0,0.00001,200,0,254,0,0,0,2,0,0,0,100,0,0,0,0,0,0.005,0,0,0,0,0,2,0,0,0,10,9,6,9,4,4,5
0,0,0.000004,200,0,254,0,0,0,2,0,0,0,100,0,0,0,0,0,0.004,0,0,0,0,0,2,0,0,0,10,9,2,6,2,2,2
0,0,0.000004,200,0,254,0,0,0,2,0,0,0,100,0,0,0,0,0,0.004,0,0,0,0,0,2,0,0,0,10,9,2,6,2,2,2
0,0,0.000019,200,0,254,0,0,0,2,0,0,0,100,0,0,0,0,0,0.019,0,0,0,0,0,2,0,0,0,10,10,4,11,4,4,4
0,0,0.000019,200,0,254,0,0,0,2,0,0,0,100,0,0,0,0,0,0.019,0,0,0,0,0,2,0,0,0,10,10,4,11,4,4,4
0,0,0.000019,200,0,254,0,0,0,2,0,0,0,100,0,0,0,0,0,0.008,0,0,0,0,0,2,0,0,0,10,10,4,11,4,4,4
0,0,0.000019,200,0,254,0,0,0,2,0,0,0,100,0,0,0,0,0,0.008,0,0,0,0,0,2,0,0,0,10,10,4,11,4,4,4
0,0,0.000004,200,0,254,0,0,0,2,0,0,0,100,0,0,0,0,0,0.004,0,0,0,0,0,2,0,0,0,10,10,3,3,2,2,2
0,0,0.000004,200,0,254,0,0,0,2,0,0,0,100,0,0,0,0,0,0.004,0,0,0,0,0,2,0,0,0,10,10,3,3,2,2,2
0,0,0.000011,200,0,254,0,0,0,2,0,0,0,100,0,0,0,0,0,0.011,0,0,0,0,0,2,0,0,0,10,10,3,7,2,2,3
0,0,0.000011,200,0,254,0,0,0,2,0,0,0,100,0,0,0,0,0,0.011,0,0,0,0,0,2,0,0,0,10,10,3,7,2,2,3
0,0,0.000004,200,0,254,0,0,0,2,0,0,0,100,0,0,0,0,0,0.004,0,0,0,0,0,2,0,0,0,14,14,2,4,2,2,2
0,0,0.000004,200,0,254,0,0,0,2,0,0,0,100,0,0,0,0,0,0.004,0,0,0,0,0,2,0,0,0,14,14,2,4,2,2,2
0,0,0.000004,200,0,254,0,0,0,2,0,0,0,100,0,0,0,0,0,0.003,0,0,0,0,0,2,0,0,0,14,14,6,9,4,4,5
0,0,0.000004,200,0,254,0,0,0,2,0,0,0,100,0,0,0,0,0,0.003,0,0,0,0,0,2,0,0,0,14,14,6,9,4,4,5
0,0,0.000004,200,0,254,0,0,0,2,0,0,0,100,0,0,0,0,0,0.004,0,0,0,0,0,2,0,0,0,14,14,6,9,4,4,5
0,0,0.000004,200,0,254,0,0,0,2,0,0,0,100,0,0,0,0,0,0.004,0,0,0,0,0,2,0,0,0,14,14,6,9,4,4,5
0,0,0.000004,200,0,254,0,0,0,2,0,0,0,100,0,0,0,0,0,0.004,0,0,0,0,0,2,0,0,0,14,14,6,9,6,6,6
0,0,0.000004,200,0,254,0,0,0,2,0,0,0,100,0,0,0,0,0,0.008,0,0,0,0,0,2,0,0,0,14,14,6,9,6,6,6
0,0,0.000004,200,0,254,0,0,0,2,0,0,0,100,0,0,0,0,0,0.008,0,0,0,0,0,2,0,0,0,14,14,6,9,6,6,6
0,0,0.000004,200,0,254,0,0,0,2,0,0,0,100,0,0,0,0,0,0.004,0,0,0,0,0,2,0,0,0,14,14,6,9,6,6,6
0,0,0.000004,200,0,254,0,0,0,2,0,0,0,100,0,0,0,0,0,0.011,0,0,0,0,0,2,0,0,0,14,14,6,9,6,6,6
0,0,0.000004,200,0,254,0,0,0,2,0,0,0,100,0,0,0,0,0,0.011,0,0,0,0,0,2,0,0,0,14,14,6,9,6,6,6
0,0,0.000011,200,0,254,0,0,0,2,0,0,0,100,0,0,0,0,0,0.009,0,0,0,0,0,2,0,0,0,14,14,1,1,1,1,1
0,0,0.000011,200,0,254,0,0,0,2,0,0,0,100,0,0,0,0,0,0.011,0,0,0,0,0,2,0,0,0,11,11,4,8,3,3,4
0,0,0.000011,200,0,254,0,0,0,2,0,0,0,100,0,0,0,0,0,0.011,0,0,0,0,0,2,0,0,0,11,11,4,8,3,3,4
0,0,0.000011,200,0,254,0,0,0,2,0,0,0,100,0,0,0,0,0,0.009,0,0,0,0,0,2,0,0,0,11,11,4,8,3,3,4
0,0,0.000011,200,0,254,0,0,0,2,0,0,0,100,0,0,0,0,0,0.011,0,0,0,0,0,2,0,0,0,11,11,2,5,2,2,2
0,0,0.000011,200,0,254,0,0,0,2,0,0,0,100,0,0,0,0,0,0.011,0,0,0,0,0,2,0,0,0,11,11,2,5,2,2,2
0,0,0.000007,200,0,254,0,0,0,2,0,0,0,100,0,0,0,0,0,0.007,0,0,0,0,0,2,0,0,0,11,11,5,5,4,4,5
0,0,0.000007,200,0,254,0,0,0,2,0,0,0,100,0,0,0,0,0,0.008,0,0,0,0,0,2,0,0,0,11,11,5,5,4,4,5
0,0,0.000007,200,0,254,0,0,0,2,0,0,0,100,0,0,0,0,0,0.008,0,0,0,0,0,2,0,0,0,11,11,5,5,4,4,5
0,0,0.000007,200,0,254,0,0,0,2,0,0,0,100,0,0,0,0,0,0.007,0,0,0,0,0,2,0,0,0,11,11,5,5,4,4,5
0,0,0.000004,200,0,254,0,0,0,2,0,0,0,100,0,0,0,0,0,0.011,0,0,0,0,0,2,0,0,0,15,15,6,11,6,6,6
0,0,0.000004,200,0,254,0,0,0,2,0,0,0,100,0,0,0,0,0,0.007,0,0,0,0,0,2,0,0,0,15,15,6,11,6,6,6
0,0,0.000004,200,0,254,0,0,0,2,0,0,0,100,0,0,0,0,0,0.004,0,0,0,0,0,2,0,0,0,15,15,6,11,6,6,6
0,0,0.000004,200,0,254,0,0,0,2,0,0,0,100,0,0,0,0,0,0.011,0,0,0,0,0,2,0,0,0,15,15,6,11,6,6,6
0,0,0.000004,200,0,254,0,0,0,2,0,0,0,100,0,0,0,0,0,0.007,0,0,0,0,0,2,0,0,0,15,15,6,11,6,6,6
0,0,0.000004,200,0,254,0,0,0,2,0,0,0,100,0,0,0,0,0,0.004,0,0,0,0,0,2,0,0,0,15,15,6,11,6,6,6
0,0,0.000002,200,0,254,0,0,0,2,0,0,0,100,0,0,0,0,0,0.002,0,0,0,0,0,2,0,0,0,15,15,4,8,2,2,3
0,0,0.000002,200,0,254,0,0,0,2,0,0,0,100,0,0,0,0,0,0.002,0,0,0,0,0,2,0,0,0,15,15,4,8,2,2,3
0,0,0.000009,200,0,254,0,0,0,2,0,0,0,100,0,0,0,0,0,0.009,0,0,0,0,0,2,0,0,0,15,15,2,3,2,2,2
0,0,0.000009,200,0,254,0,0,0,2,0,0,0,100,0,0,0,0,0,0.009,0,0,0,0,0,2,0,0,0,15,15,2,3,2,2,2
0,0,0.000011,200,0,254,0,0,0,2,0,0,0,100,0,0,0,0,0,0.001,0,0,0,0,0,2,0,0,0,15,15,3,3,2,2,3
0,0,0.000011,200,0,254,0,0,0,2,0,0,0,100,0,0,0,0,0,0.011,0,0,0,0,0,2,0,0,0,15,15,3,3,2,2,3
0,0,0.000011,200,0,254,0,0,0,2,0,0,0,100,0,0,0,0,0,0.001,0,0,0,0,0,2,0,0,0,8,7,2,6,2,2,2
0,0,0.000011,200,0,254,0,0,0,2,0,0,0,100,0,0,0,0,0,0.011,0,0,0,0,0,2,0,0,0,8,7,2,6,2,2,2
0,0,0.00001,200,0,254,0,0,0,2,0,0,0,100,0,0,0,0,0,0.01,0,0,0,0,0,2,0,0,0,8,7,3,6,2,2,3
0,0,0.00001,200,0,254,0,0,0,2,0,0,0,100,0,0,0,0,0,0.01,0,0,0,0,0,2,0,0,0,8,7,3,6,2,2,3
0,0,0.00001,200,0,254,0,0,0,2,0,0,0,100,0,0,0,0,0,0.01,0,0,0,0,0,2,0,0,0,8,7,3,8,2,2,3
0,0,0.00001,200,0,254,0,0,0,2,0,0,0,100,0,0,0,0,0,0.01,0,0,0,0,0,2,0,0,0,8,7,3,8,2,2,3
0,0,0.00001,200,0,254,0,0,0,2,0,0,0,100,0,0,0,0,0,0.01,0,0,0,0,0,2,0,0,0,10,10,4,6,4,4,4
0,0,0.00001,200,0,254,0,0,0,2,0,0,0,100,0,0,0,0,0,0.004,0,0,0,0,0,2,0,0,0,10,10,4,6,4,4,4
0,0,0.00001,200,0,254,0,0,0,2,0,0,0,100,0,0,0,0,0,0.01,0,0,0,0,0,2,0,0,0,10,10,4,6,4,4,4
0,0,0.00001,200,0,254,0,0,0,2,0,0,0,100,0,0,0,0,0,0.004,0,0,0,0,0,2,0,0,0,10,10,4,6,4,4,4
0,0,0.000006,200,0,254,0,0,0,2,0,0,0,100,0,0,0,0,0,0.011,0,0,0,0,0,2,0,0,0,10,10,6,12,4,4,5
0,0,0.000006,200,0,254,0,0,0,2,0,0,0,100,0,0,0,0,0,0.006,0,0,0,0,0,2,0,0,0,10,10,6,12,4,4,5
0,0,0.000006,200,0,254,0,0,0,2,0,0,0,100,0,0,0,0,0,0.011,0,0,0,0,0,2,0,0,0,10,10,6,12,4,4,5
0,0,0.000006,200,0,254,0,0,0,2,0,0,0,100,0,0,0,0,0,0.006,0,0,0,0,0,2,0,0,0,10,10,6,12,4,4,5
0,0,0.000003,200,0,254,0,0,0,2,0,0,0,100,0,0,0,0,0,0.003,0,0,0,0,0,2,0,0,0,16,16,3,3,3,3,3
0,0,0.000003,200,0,254,0,0,0,2,0,0,0,100,0,0,0,0,0,0.01,0,0,0,0,0,2,0,0,0,10,10,1,1,1,1,1
0,0,0.000003,200,0,254,0,0,0,2,0,0,0,100,0,0,0,0,0,0.003,0,0,0,0,0,2,0,0,0,16,16,3,3,3,3,3
0,0,0.000003,200,0,254,0,0,0,2,0,0,0,100,0,0,0,0,0,0.01,0,0,0,0,0,2,0,0,0,16,16,3,3,3,3,3
0,0,0.000011,200,0,254,0,0,0,2,0,0,0,100,0,0,0,0,0,0.01,0,0,0,0,0,2,0,0,0,16,16,4,11,4,4,4
0,0,0.000011,200,0,254,0,0,0,2,0,0,0,100,0,0,0,0,0,0.011,0,0,0,0,0,2,0,0,0,16,16,4,11,4,4,4
0,0,0.000011,200,0,254,0,0,0,2,0,0,0,100,0,0,0,0,0,0.01,0,0,0,0,0,2,0,0,0,16,16,4,11,4,4,4
0,0,0.000011,200,0,254,0,0,0,2,0,0,0,100,0,0,0,0,0,0.011,0,0,0,0,0,2,0,0,0,16,16,4,11,4,4,4
0,0,0.000007,200,0,254,0,0,0,2,0,0,0,100,0,0,0,0,0,0.01,0,0,0,0,0,2,0,0,0,16,16,5,9,4,4,5
0,0,0.000007,200,0,254,0,0,0,2,0,0,0,100,0,0,0,0,0,0.007,0,0,0,0,0,2,0,0,0,16,16,5,9,4,4,5
0,0,0.000007,200,0,254,0,0,0,2,0,0,0,100,0,0,0,0,0,0.01,0,0,0,0,0,2,0,0,0,16,16,5,9,4,4,5
0,0,0.000007,200,0,254,0,0,0,2,0,0,0,100,0,0,0,0,0,0.007,0,0,0,0,0,2,0,0,0,16,16,5,9,4,4,5
0,0,0.000001,200,0,254,0,0,0,2,0,0,0,100,0,0,0,0,0,0.001,0,0,0,0,0,2,0,0,0,16,16,4,4,4,4,4
0,0,0.000001,200,0,254,0,0,0,2,0,0,0,100,0,0,0,0,0,0.001,0,0,0,0,0,2,0,0,0,16,16,4,4,4,4,4
0,0,0.000001,200,0,254,0,0,0,2,0,0,0,100,0,0,0,0,0,0.01,0,0,0,0,0,2,0,0,0,16,16,4,4,4,4,4
0,0,0.000001,200,0,254,0,0,0,2,0,0,0,100,0,0,0,0,0,0.01,0,0,0,0,0,2,0,0,0,16,16,4,4,4,4,4
0,0,0.000004,200,0,254,0,0,0,2,0,0,0,100,0,0,0,0,0,0.004,0,0,0,0,0,2,0,0,0,11,11,2,6,2,2,2
0,0,0.000004,200,0,254,0,0,0,2,0,0,0,100,0,0,0,0,0,0.004,0,0,0,0,0,2,0,0,0,11,11,2,6,2,2,2
0,0,0.000003,200,0,254,0,0,0,2,0,0,0,100,0,0,0,0,0,0.004,0,0,0,0,0,2,0,0,0,11,11,5,8,4,4,5
0,0,0.000003,200,0,254,0,0,0,2,0,0,0,100,0,0,0,0,0,0.003,0,0,0,0,0,2,0,0,0,11,11,5,8,4,4,5
0,0,0.000003,200,0,254,0,0,0,2,0,0,0,100,0,0,0,0,0,0.004,0,0,0,0,0,2,0,0,0,11,11,5,8,4,4,5
0,0,0.000003,200,0,254,0,0,0,2,0,0,0,100,0,0,0,0,0,0.003,0,0,0,0,0,2,0,0,0,11,11,5,8,4,4,5
0,0,0.00001,200,0,254,0,0,0,2,0,0,0,100,0,0,0,0,0,0.01,0,0,0,0,0,2,0,0,0,11,11,2,2,2,2,2
0,0,0.00001,200,0,254,0,0,0,2,0,0,0,100,0,0,0,0,0,0.01,0,0,0,0,0,2,0,0,0,11,11,2,2,2,2,2
0,0,0.000005,200,0,254,0,0,0,2,0,0,0,100,0,0,0,0,0,0.005,0,0,0,0,0,2,0,0,0,11,11,2,2,2,2,2
0,0,0.000005,200,0,254,0,0,0,2,0,0,0,100,0,0,0,0,0,0.005,0,0,0,0,0,2,0,0,0,11,11,2,2,2,2,2
0,0,0.000011,200,0,254,0,0,0,2,0,0,0,100,0,0,0,0,0,0.011,0,0,0,0,0,2,0,0,0,6,6,2,5,2,2,2
0,0,0.000011,200,0,254,0,0,0,2,0,0,0,100,0,0,0,0,0,0.011,0,0,0,0,0,2,0,0,0,6,6,2,5,2,2,2
0,0,0.000007,200,0,254,0,0,0,2,0,0,0,100,0,0,0,0,0,0.007,0,0,0,0,0,2,0,0,0,6,6,2,3,2,2,2
0,0,0.000007,200,0,254,0,0,0,2,0,0,0,100,0,0,0,0,0,0.007,0,0,0,0,0,2,0,0,0,6,6,2,3,2,2,2
0,0,0.000004,200,0,254,0,0,0,2,0,0,0,100,0,0,0,0,0,0.004,0,0,0,0,0,2,0,0,0,10,9,2,2,2,2,2
0,0,0.000004,200,0,254,0,0,0,2,0,0,0,100,0,0,0,0,0,0.004,0,0,0,0,0,2,0,0,0,10,9,2,2,2,2,2
0,0,0.000004,200,0,254,0,0,0,2,0,0,0,100,0,0,0,0,0,0.004,0,0,0,0,0,2,0,0,0,10,9,2,6,2,2,2
0,0,0.000004,200,0,254,0,0,0,2,0,0,0,100,0,0,0,0,0,0.004,0,0,0,0,0,2,0,0,0,10,9,2,6,2,2,2
0,0,0.000007,200,0,254,0,0,0,2,0,0,0,100,0,0,0,0,0,0.007,0,0,0,0,0,2,0,0,0,10,9,2,6,2,2,2
0,0,0.000007,200,0,254,0,0,0,2,0,0,0,100,0,0,0,0,0,0.007,0,0,0,0,0,2,0,0,0,10,9,2,6,2,2,2
0,0,0.000007,200,0,254,0,0,0,2,0,0,0,100,0,0,0,0,0,0.007,0,0,0,0,0,2,0,0,0,10,9,3,7,2,2,3
0,0,0.000007,200,0,254,0,0,0,2,0,0,0,100,0,0,0,0,0,0.007,0,0,0,0,0,2,0,0,0,10,9,3,7,2,2,3
0,0,0.000003,200,0,254,0,0,0,2,0,0,0,100,0,0,0,0,0,0.003,0,0,0,0,0,2,0,0,0,7,7,2,6,2,2,2
0,0,0.000003,200,0,254,0,0,0,2,0,0,0,100,0,0,0,0,0,0.003,0,0,0,0,0,2,0,0,0,7,7,2,6,2,2,2
0,0,0.000011,200,0,254,0,0,0,2,0,0,0,100,0,0,0,0,0,0.011,0,0,0,0,0,2,0,0,0,7,7,5,8,4,4,5
0,0,0.000011,200,0,254,0,0,0,2,0,0,0,100,0,0,0,0,0,0.008,0,0,0,0,0,2,0,0,0,7,7,5,8,4,4,5
0,0,0.000011,200,0,254,0,0,0,2,0,0,0,100,0,0,0,0,0,0.011,0,0,0,0,0,2,0,0,0,7,7,5,8,4,4,5
0,0,0.000011,200,0,254,0,0,0,2,0,0,0,100,0,0,0,0,0,0.008,0,0,0,0,0,2,0,0,0,7,7,5,8,4,4,5
0,0,0.000004,200,0,254,0,0,0,2,0,0,0,100,0,0,0,0,0,0.004,0,0,0,0,0,2,0,0,0,6,6,4,5,4,4,4
0,0,0.000004,200,0,254,0,0,0,2,0,0,0,100,0,0,0,0,0,0.011,0,0,0,0,0,2,0,0,0,6,6,4,5,4,4,4
0,0,0.000004,200,0,254,0,0,0,2,0,0,0,100,0,0,0,0,0,0.004,0,0,0,0,0,2,0,0,0,6,6,4,5,4,4,4
0,0,0.000004,200,0,254,0,0,0,2,0,0,0,100,0,0,0,0,0,0.011,0,0,0,0,0,2,0,0,0,6,6,4,5,4,4,4
0,0,0.000007,200,0,254,0,0,0,2,0,0,0,100,0,0,0,0,0,0.007,0,0,0,0,0,2,0,0,0,6,6,3,7,2,2,3
0,0,0.000007,200,0,254,0,0,0,2,0,0,0,100,0,0,0,0,0,0.007,0,0,0,0,0,2,0,0,0,6,6,3,7,2,2,3
0,0,0.000011,200,0,254,0,0,0,2,0,0,0,100,0,0,0,0,0,0.011,0,0,0,0,0,2,0,0,0,3,3,2,6,2,2,2
0,0,0.000011,200,0,254,0,0,0,2,0,0,0,100,0,0,0,0,0,0.011,0,0,0,0,0,2,0,0,0,3,3,2,6,2,2,2
0,0,0.000007,200,0,254,0,0,0,2,0,0,0,100,0,0,0,0,0,0.007,0,0,0,0,0,2,0,0,0,4,4,3,10,2,2,3
0,0,0.000007,200,0,254,0,0,0,2,0,0,0,100,0,0,0,0,0,0.007,0,0,0,0,0,2,0,0,0,4,4,3,10,2,2,3
0,0,0.00001,200,0,254,0,0,0,2,0,0,0,100,0,0,0,0,0,0.01,0,0,0,0,0,2,0,0,0,4,4,2,6,2,2,2
0,0,0.00001,200,0,254,0,0,0,2,0,0,0,100,0,0,0,0,0,0.01,0,0,0,0,0,2,0,0,0,4,4,2,6,2,2,2
0,0,0.00001,200,0,254,0,0,0,2,0,0,0,100,0,0,0,0,0,0.01,0,0,0,0,0,2,0,0,0,10,10,2,2,2,2,2
0,0,0.00001,200,0,254,0,0,0,2,0,0,0,100,0,0,0,0,0,0.01,0,0,0,0,0,2,0,0,0,10,10,2,2,2,2,2
0,0,0.000008,200,0,254,0,0,0,2,0,0,0,100,0,0,0,0,0,0.011,0,0,0,0,0,2,0,0,0,10,10,5,4,4,4,4
0,0,0.000008,200,0,254,0,0,0,2,0,0,0,100,0,0,0,0,0,0.011,0,0,0,0,0,2,0,0,0,10,10,5,4,4,4,4
0,0,0.000008,200,0,254,0,0,0,2,0,0,0,100,0,0,0,0,0,0.008,0,0,0,0,0,2,0,0,0,10,10,5,4,4,4,4
0,0,0.000008,200,0,254,0,0,0,2,0,0,0,100,0,0,0,0,0,0.008,0,0,0,0,0,2,0,0,0,10,10,5,4,4,4,4
0,0,0.000004,200,0,254,0,0,0,2,0,0,0,100,0,0,0,0,0,0.007,0,0,0,0,0,2,0,0,0,10,10,4,5,4,4,4
0,0,0.000004,200,0,254,0,0,0,2,0,0,0,100,0,0,0,0,0,0.004,0,0,0,0,0,2,0,0,0,10,10,4,5,4,4,4
0,0,0.000004,200,0,254,0,0,0,2,0,0,0,100,0,0,0,0,0,0.007,0,0,0,0,0,2,0,0,0,10,10,4,5,4,4,4
0,0,0.000004,200,0,254,0,0,0,2,0,0,0,100,0,0,0,0,0,0.004,0,0,0,0,0,2,0,0,0,10,10,4,5,4,4,4
0,0,0.000004,200,0,254,0,0,0,2,0,0,0,100,0,0,0,0,0,0.004,0,0,0,0,0,2,0,0,0,6,5,3,11,2,2,3
0,0,0.000004,200,0,254,0,0,0,2,0,0,0,100,0,0,0,0,0,0.004,0,0,0,0,0,2,0,0,0,6,5,3,11,2,2,3
0,0,0.00001,200,0,254,0,0,0,2,0,0,0,100,0,0,0,0,0,0.01,0,0,0,0,0,2,0,0,0,6,5,2,2,2,2,2
0,0,0.00001,200,0,254,0,0,0,2,0,0,0,100,0,0,0,0,0,0.01,0,0,0,0,0,2,0,0,0,6,5,2,2,2,2,2
0,0,0.000003,200,0,254,0,0,0,2,0,0,0,100,0,0,0,0,0,0.003,0,0,0,0,0,2,0,0,0,2,2,2,6,2,2,2
0,0,0.000003,200,0,254,0,0,0,2,0,0,0,100,0,0,0,0,0,0.003,0,0,0,0,0,2,0,0,0,2,2,2,6,2,2,2
0,0,0.000003,200,0,254,0,0,0,2,0,0,0,100,0,0,0,0,0,0.003,0,0,0,0,0,2,0,0,0,2,2,2,6,2,2,2
0,0,0.000003,200,0,254,0,0,0,2,0,0,0,100,0,0,0,0,0,0.003,0,0,0,0,0,2,0,0,0,2,2,2,6,2,2,2
0,0,0.00001,200,0,254,0,0,0,2,0,0,0,100,0,0,0,0,0,0.01,0,0,0,0,0,2,0,0,0,11,11,2,3,2,2,2
0,0,0.00001,200,0,254,0,0,0,2,0,0,0,100,0,0,0,0,0,0.01,0,0,0,0,0,2,0,0,0,11,11,2,3,2,2,2
0,0,0.000008,200,0,254,0,0,0,2,0,0,0,100,0,0,0,0,0,0.008,0,0,0,0,0,2,0,0,0,11,11,2,6,2,2,2
0,0,0.000008,200,0,254,0,0,0,2,0,0,0,100,0,0,0,0,0,0.008,0,0,0,0,0,2,0,0,0,11,11,2,6,2,2,2
0,0,0.00001,200,0,254,0,0,0,2,0,0,0,100,0,0,0,0,0,0.01,0,0,0,0,0,2,0,0,0,11,11,3,6,2,2,3
0,0,0.00001,200,0,254,0,0,0,2,0,0,0,100,0,0,0,0,0,0.01,0,0,0,0,0,2,0,0,0,11,11,3,6,2,2,3
0,0,0.00001,200,0,254,0,0,0,2,0,0,0,100,0,0,0,0,0,0.01,0,0,0,0,0,2,0,0,0,11,11,4,8,4,4,4
0,0,0.00001,200,0,254,0,0,0,2,0,0,0,100,0,0,0,0,0,0.01,0,0,0,0,0,2,0,0,0,11,11,4,8,4,4,4
0,0,0.00001,200,0,254,0,0,0,2,0,0,0,100,0,0,0,0,0,0.01,0,0,0,0,0,2,0,0,0,11,11,4,8,4,4,4
0,0,0.00001,200,0,254,0,0,0,2,0,0,0,100,0,0,0,0,0,0.01,0,0,0,0,0,2,0,0,0,11,11,4,8,4,4,4
0,0,0.00001,200,0,254,0,0,0,2,0,0,0,100,0,0,0,0,0,0.01,0,0,0,0,0,2,0,0,0,2,2,2,5,2,2,2
0,0,0.00001,200,0,254,0,0,0,2,0,0,0,100,0,0,0,0,0,0.01,0,0,0,0,0,2,0,0,0,2,2,2,5,2,2,2
0,0,25.090731,2184,0,254,0,0,0,42,0,0,0,52,0,0,0,713.159188,0,611.969125,0,0,0,0,0,2,0,0,0,2,2,2,2,2,2,2
0,0,25.090731,2184,0,254,0,0,0,42,0,0,0,52,0,0,0,713.159188,0,611.969125,0,0,0,0,0,2,0,0,0,2,2,2,2,2,2,2
0,0,6.948377,5248,0,254,0,0,0,82,0,0,0,64,0,0,0,117.579227,0,85.78243,0,0,0,0,0,2,0,0,0,2,2,2,6,2,2,2
0,0,6.948377,5248,0,254,0,0,0,82,0,0,0,64,0,0,0,117.579227,0,85.78243,0,0,0,0,0,2,0,0,0,2,2,2,6,2,2,2
42793,80,0.465636,810,1164,62,252,2,2,10,8,255,255,81,146,0,0,2628.214866,102.35643,51.737333,58.30643,0.142757,0.056894,0.085863,0,1,0,0,0,5,9,3,2,2,1,2
16465,80,0.570448,810,1178,62,252,2,2,10,10,255,255,81,118,0,0,4076.004319,107.121188,63.383111,55.673109,0.099713,0.053092,0.046621,0,1,0,0,0,5,9,3,2,2,1,2
11233,80,0.742507,822,1238,62,252,2,2,10,10,255,255,82,124,0,0,5704.814888,117.251891,82.400889,76.245781,0.102479,0.05629,0.046189,0,1,0,0,0,5,9,2,1,1,1,1
48380,80,0.786091,804,1352,62,252,2,2,10,8,255,255,80,169,0,0,4709.85677,202.827188,87.343444,100.767289,0.181164,0.080072,0.101092,0,1,0,0,0,5,9,2,1,1,1,1
8498,80,0.633715,756,182,62,252,2,1,8,4,255,255,95,46,0,0,5247.574522,259.878719,90.530714,183.766,0.154887,0.080834,0.074053,0,3,0,0,0,5,9,2,1,1,1,1
54298,80,0.790775,804,1092,62,252,2,2,10,8,255,255,80,137,0,0,4570.898532,177.195328,87.863889,99.31443,0.201675,0.094882,0.106793,0,1,0,0,0,5,9,2,1,1,1,1
13706,80,0.505135,818,1250,62,252,2,2,10,8,255,255,82,156,0,0,2855.970047,99.456914,56.126111,53.563715,0.153218,0.104682,0.048536,0,1,0,0,0,5,9,2,1,1,1,1
44993,80,0.656466,838,1322,62,252,2,2,10,8,255,255,84,165,0,0,3886.96544,157.875453,72.940667,83.869,0.165437,0.05666,0.108777,0,1,0,0,0,5,9,3,2,2,1,2
9822,80,0.650565,808,1196,62,252,2,2,10,10,255,255,81,120,0,0,4647.903134,116.429539,72.285,66.628555,0.12724,0.050226,0.077014,0,1,0,0,0,5,9,3,2,2,1,2
7494,80,0.863357,834,1358,62,252,2,2,10,10,255,255,83,136,0,0,6161.116814,137.402719,95.928556,86.309891,0.147994,0.06472,0.083274,0,1,0,0,0,5,9,2,1,1,1,1
56960,80,0.622273,820,1074,62,252,2,2,10,8,255,255,82,134,0,0,3481.838171,137.491516,69.141444,75.768141,0.201912,0.068296,0.133616,0,1,0,0,0,5,7,1,1,1,1,1
8904,80,0.453731,812,1222,62,252,2,2,10,8,255,255,81,153,0,0,2696.683959,77.826859,50.414556,52.93343,0.114414,0.082487,0.031927,0,1,0,0,0,5,7,2,2,1,1,1
49188,80,0.65097,810,1156,62,252,2,2,10,10,255,255,81,116,0,0,4401.201257,110.943352,72.33,61.392777,0.161513,0.097524,0.063989,0,1,0,0,0,5,7,3,2,2,1,2
13591,80,0.461595,822,1366,62,252,2,2,10,8,255,255,82,171,0,0,2694.765661,83.404703,51.288333,57.334145,0.114614,0.049252,0.065362,0,1,0,0,0,5,7,3,2,2,1,2
43168,80,0.747966,830,1068,62,252,2,2,10,8,255,255,83,134,0,0,4485.11726,145.534953,83.107333,90.394859,0.181168,0.090633,0.090535,0,1,0,0,0,4,3,1,1,1,1,1
14409,80,0.908438,828,1398,62,252,2,2,10,10,255,255,83,140,0,0,6236.195314,135.040844,100.937556,89.045555,0.182376,0.1064,0.075976,0,1,0,0,0,4,3,1,1,1,1,1
56346,80,1.123281,814,1288,62,252,2,2,10,10,255,255,81,129,0,0,7168.579322,210.32025,124.809,112.013,0.184977,0.113697,0.07128,0,1,0,0,0,4,3,1,1,1,1,1
10611,80,1.529481,896,1188,62,252,2,2,12,10,255,255,75,119,0,0,7856.018134,274.496344,139.043727,157.327438,0.174862,0.079248,0.095614,0,1,0,0,0,6,4,2,2,1,1,2
8282,80,0.649018,822,1172,62,252,2,2,10,10,255,255,82,117,0,0,4746.093697,112.497711,72.113111,65.022891,0.12142,0.063096,0.058324,0,1,0,0,0,6,4,1,1,1,1,1
21175,80,0.679599,810,1066,62,252,2,2,10,8,255,255,81,133,0,0,3826.548374,146.543313,75.511,89.594711,0.118931,0.051755,0.067176,0,1,0,0,0,6,4,1,1,1,1,1
58401,80,0.559038,830,1224,62,252,2,2,10,8,255,255,83,153,0,0,3069.56721,98.438555,62.115333,64.863145,0.156262,0.104354,0.051908,0,1,0,0,0,6,4,1,1,1,1,1
50508,80,0.66957,840,1224,62,252,2,2,10,8,255,255,84,153,0,0,3633.960396,139.010719,74.396667,85.234,0.172245,0.072921,0.099324,0,1,0,0,0,6,4,1,1,1,1,1
44648,80,0.396923,818,1082,62,252,2,2,10,8,255,255,82,135,0,0,2179.643889,64.315,44.100778,46.548,0.107369,0.071076,0.036293,0,1,0,0,0,6,4,2,2,2,1,2
13656,80,0.567755,806,1160,62,252,2,2,10,8,255,255,81,145,0,0,3407.217935,93.890445,63.083889,70.831289,0.146384,0.071297,0.075087,0,1,0,0,0,6,4,2,2,2,1,2
15734,80,1.10491,816,1344,62,252,2,2,10,8,255,255,82,168,0,0,6601.485903,274.068156,122.767778,148.205,0.146007,0.06683,0.079177,0,1,0,0,0,10,5,1,1,1,1,1
56556,80,0.689151,822,1174,62,252,2,2,10,8,255,255,82,147,0,0,3874.183014,122.803234,76.572333,80.635141,0.19675,0.124085,0.072665,0,1,0,0,0,10,5,1,3,1,1,1
3709,80,0.719169,814,1296,62,252,2,2,10,8,255,255,81,162,0,0,3831.124453,139.597297,79.907667,90.296289,0.209523,0.086433,0.12309,0,1,0,0,0,10,5,1,3,2,1,1
8501,80,1.010707,832,1298,62,252,2,2,10,8,255,255,83,162,0,0,5897.876054,234.663563,112.300778,127.214289,0.20968,0.119581,0.090099,0,1,0,0,0,10,5,1,1,1,1,1
46466,80,0.397477,818,1262,62,252,2,2,10,8,255,255,82,158,0,0,2184.165253,67.622195,44.164111,44.02857,0.128571,0.05789,0.070681,0,1,0,0,0,4,4,1,1,1,1,1
48638,80,0.680026,836,1166,62,252,2,2,10,10,255,255,84,117,0,0,4759.529523,114.746906,75.558444,68.758891,0.121024,0.060477,0.060547,0,1,0,0,0,10,5,1,2,1,1,1
9789,80,0.536606,812,1334,62,252,2,2,10,8,255,255,81,167,0,0,2946.717027,102.045445,59.521222,63.61257,0.163696,0.091307,0.072389,0,1,0,0,0,4,4,1,1,1,1,1
13125,80,0.818619,834,1164,62,252,2,2,10,10,255,255,83,116,0,0,5396.362411,126.901148,90.863667,83.544109,0.13276,0.06672,0.06604,0,1,0,0,0,4,4,1,1,1,1,1
42812,80,0.721151,842,1218,62,252,2,2,10,8,255,255,84,152,0,0,3934.60566,149.143547,80.127889,90.333141,0.175212,0.088088,0.087124,0,1,0,0,0,4,4,1,1,1,1,1
13770,80,0.706014,828,1340,62,252,2,2,10,8,255,255,83,168,0,0,4160.397987,144.59625,78.446,84.679711,0.169047,0.112519,0.056528,0,1,0,0,0,3,3,1,1,1,1,1
8310,80,0.620887,814,1302,62,252,2,2,10,10,255,255,81,130,0,0,4491.201602,105.964359,68.987444,60.766891,0.132675,0.061199,0.071476,0,1,0,0,0,3,3,1,1,1,1,1
38060,80,0.676798,828,1172,62,252,2,2,10,8,255,255,83,147,0,0,3846.078022,138.600391,75.199778,83.68243,0.208899,0.078219,0.13068,0,1,0,0,0,3,3,1,1,1,1,1
10786,80,0.835022,808,1256,62,252,2,2,10,10,255,255,81,126,0,0,5148.396394,162.346438,92.673333,82.989664,0.154631,0.088104,0.066527,0,1,0,0,0,7,4,1,1,1,1,1
44931,80,0.664854,806,1368,62,252,2,2,10,8,255,255,81,171,0,0,3848.700323,128.867914,73.861111,74.05543,0.203056,0.146461,0.056595,0,1,0,0,0,7,4,2,4,4,1,2
52912,80,0.678532,828,1094,62,252,2,2,10,8,255,255,83,137,0,0,3815.390505,129.840594,75.392444,76.072141,0.263029,0.145185,0.117844,0,1,0,0,0,7,4,2,4,4,1,2
54325,80,0.367157,814,1076,62,252,2,2,10,8,255,255,81,135,0,0,2190.369248,76.567164,40.795222,47.431855,0.15886,0.034539,0.124321,0,1,0,0,0,7,4,1,1,1,1,1
7746,80,0.606981,838,1346,62,252,2,2,10,10,255,255,84,135,0,0,4350.793439,111.044555,67.442333,61.663,0.118948,0.050937,0.068011,0,1,0,0,0,6,5,2,2,2,1,2
16110,80,0.457809,830,1286,62,252,2,2,10,8,255,255,83,161,0,0,2504.534718,67.049602,50.758,49.276285,0.151472,0.112871,0.038601,0,1,0,0,0,6,5,2,2,2,1,2
56570,80,0.416693,820,1086,62,252,2,2,10,8,255,255,82,136,0,0,2363.189831,58.493387,46.299222,45.96943,0.145472,0.094196,0.051276,0,1,0,0,0,6,5,1,2,1,1,1
20540,80,0.526913,826,1314,62,252,2,2,10,8,255,255,83,164,0,0,3171.552419,120.103117,58.545889,68.556,0.116995,0.045892,0.071103,0,1,0,0,0,6,5,2,2,2,1,2
64900,80,0.541367,828,1232,62,252,2,2,10,8,255,255,83,154,0,0,2905.362761,88.507922,60.151889,62.106,0.142338,0.080357,0.061981,0,1,0,0,0,6,5,2,2,2,1,2
6992,80,0.605987,830,1302,62,252,2,2,10,8,255,255,83,163,0,0,3346.814107,113.554789,67.331889,79.83043,0.10545,0.04634,0.05911,0,1,0,0,0,7,5,1,1,1,1,1
10591,80,0.667981,808,1210,62,252,2,2,10,8,255,255,81,151,0,0,3743.391742,126.768172,74.220111,80.864859,0.125088,0.069919,0.055169,0,1,0,0,0,7,5,1,2,1,1,1
49293,80,0.60592,820,1300,62,252,2,2,10,8,255,255,82,163,0,0,3740.053467,139.816344,67.324444,68.397711,0.165531,0.095638,0.069893,0,1,0,0,0,7,5,2,2,2,1,2
44637,80,0.330447,802,1276,62,252,2,2,10,8,255,255,80,160,0,0,1846.706271,64.871844,36.716333,42.122145,0.121612,0.034857,0.086755,0,1,0,0,0,7,5,2,2,2,1,2
0,0,0.000005,200,0,254,0,0,0,2,0,0,0,100,0,0,0,0,0,0.005,0,0,0,0,0,2,0,0,0,14,14,2,3,2,2,2
0,0,0.000005,200,0,254,0,0,0,2,0,0,0,100,0,0,0,0,0,0.005,0,0,0,0,0,2,0,0,0,14,14,2,3,2,2,2
0,0,0.000012,200,0,254,0,0,0,2,0,0,0,100,0,0,0,0,0,0.012,0,0,0,0,0,2,0,0,0,19,18,6,6,6,6,6
0,0,0.000012,200,0,254,0,0,0,2,0,0,0,100,0,0,0,0,0,0.012,0,0,0,0,0,2,0,0,0,19,18,6,6,6,6,6
0,0,0.000012,200,0,254,0,0,0,2,0,0,0,100,0,0,0,0,0,0.011,0,0,0,0,0,2,0,0,0,19,18,6,6,6,6,6
0,0,0.000012,200,0,254,0,0,0,2,0,0,0,100,0,0,0,0,0,0.005,0,0,0,0,0,2,0,0,0,19,18,6,6,6,6,6
0,0,0.000012,200,0,254,0,0,0,2,0,0,0,100,0,0,0,0,0,0.011,0,0,0,0,0,2,0,0,0,19,18,6,6,6,6,6
0,0,0.000012,200,0,254,0,0,0,2,0,0,0,100,0,0,0,0,0,0.005,0,0,0,0,0,2,0,0,0,19,18,6,6,6,6,6
0,0,0.000005,200,0,254,0,0,0,2,0,0,0,100,0,0,0,0,0,0.005,0,0,0,0,0,2,0,0,0,19,18,4,5,4,4,4
0,0,0.000005,200,0,254,0,0,0,2,0,0,0,100,0,0,0,0,0,0.005,0,0,0,0,0,2,0,0,0,19,18,4,5,4,4,4
0,0,0.000005,200,0,254,0,0,0,2,0,0,0,100,0,0,0,0,0,0.005,0,0,0,0,0,2,0,0,0,19,18,4,5,4,4,4
0,0,0.000005,200,0,254,0,0,0,2,0,0,0,100,0,0,0,0,0,0.005,0,0,0,0,0,2,0,0,0,19,18,4,5,4,4,4
0,0,7.146575,400,0,254,0,0,0,4,0,0,0,100,0,0,0,3368.9165,0,2382.19175,0,0,0,0,0,2,0,0,0,19,18,4,4,4,4,4
0,0,7.146575,400,0,254,0,0,0,4,0,0,0,100,0,0,0,3368.9165,0,2382.19175,0,0,0,0,0,2,0,0,0,19,18,4,4,4,4,4
0,0,0.000005,200,0,254,0,0,0,2,0,0,0,100,0,0,0,0,0,0.005,0,0,0,0,0,2,0,0,0,19,18,4,4,4,4,4
0,0,0.000005,200,0,254,0,0,0,2,0,0,0,100,0,0,0,0,0,0.005,0,0,0,0,0,2,0,0,0,19,18,4,4,4,4,4
0,0,0.000002,200,0,254,0,0,0,2,0,0,0,100,0,0,0,0,0,0.002,0,0,0,0,0,2,0,0,0,19,18,4,4,4,4,4
0,0,0.000002,200,0,254,0,0,0,2,0,0,0,100,0,0,0,0,0,0.002,0,0,0,0,0,2,0,0,0,19,18,4,4,4,4,4
0,0,0.000002,200,0,254,0,0,0,2,0,0,0,100,0,0,0,0,0,0.01,0,0,0,0,0,2,0,0,0,19,18,4,4,4,4,4
0,0,0.000002,200,0,254,0,0,0,2,0,0,0,100,0,0,0,0,0,0.01,0,0,0,0,0,2,0,0,0,19,18,4,4,4,4,4
0,0,0.000006,200,0,254,0,0,0,2,0,0,0,100,0,0,0,0,0,0.008,0,0,0,0,0,2,0,0,0,12,12,6,6,6,6,6
0,0,0.000006,200,0,254,0,0,0,2,0,0,0,100,0,0,0,0,0,0.006,0,0,0,0,0,2,0,0,0,12,12,6,6,6,6,6
0,0,0.000006,200,0,254,0,0,0,2,0,0,0,100,0,0,0,0,0,0.006,0,0,0,0,0,2,0,0,0,12,12,6,6,6,6,6
0,0,0.000006,200,0,254,0,0,0,2,0,0,0,100,0,0,0,0,0,0.011,0,0,0,0,0,2,0,0,0,12,12,6,6,6,6,6
0,0,0.000006,200,0,254,0,0,0,2,0,0,0,100,0,0,0,0,0,0.008,0,0,0,0,0,2,0,0,0,12,12,6,6,6,6,6
0,0,0.000006,200,0,254,0,0,0,2,0,0,0,100,0,0,0,0,0,0.011,0,0,0,0,0,2,0,0,0,12,12,6,6,6,6,6
0,0,0.000011,200,0,254,0,0,0,2,0,0,0,100,0,0,0,0,0,0.011,0,0,0,0,0,2,0,0,0,12,12,2,2,2,2,2
0,0,0.000011,200,0,254,0,0,0,2,0,0,0,100,0,0,0,0,0,0.011,0,0,0,0,0,2,0,0,0,12,12,2,2,2,2,2
0,0,0.000006,200,0,254,0,0,0,2,0,0,0,100,0,0,0,0,0,0.006,0,0,0,0,0,2,0,0,0,12,12,3,3,2,2,3
0,0,0.000006,200,0,254,0,0,0,2,0,0,0,100,0,0,0,0,0,0.006,0,0,0,0,0,2,0,0,0,12,12,3,3,2,2,3
0,0,0.00001,200,0,254,0,0,0,2,0,0,0,100,0,0,0,0,0,0.01,0,0,0,0,0,2,0,0,0,12,12,2,2,2,2,2
0,0,0.00001,200,0,254,0,0,0,2,0,0,0,100,0,0,0,0,0,0.011,0,0,0,0,0,2,0,0,0,12,12,2,2,2,2,2
0,0,0.00001,200,0,254,0,0,0,2,0,0,0,100,0,0,0,0,0,0.01,0,0,0,0,0,2,0,0,0,12,12,2,2,2,2,2
0,0,0.00001,200,0,254,0,0,0,2,0,0,0,100,0,0,0,0,0,0.011,0,0,0,0,0,2,0,0,0,12,12,2,2,2,2,2
0,0,0.00001,200,0,254,0,0,0,2,0,0,0,100,0,0,0,0,0,0.01,0,0,0,0,0,2,0,0,0,12,12,2,2,2,2,2
0,0,0.00001,200,0,254,0,0,0,2,0,0,0,100,0,0,0,0,0,0.01,0,0,0,0,0,2,0,0,0,12,12,2,2,2,2,2
0,0,0.00001,200,0,254,0,0,0,2,0,0,0,100,0,0,0,0,0,0.01,0,0,0,0,0,2,0,0,0,12,12,4,5,4,4,4
0,0,0.00001,200,0,254,0,0,0,2,0,0,0,100,0,0,0,0,0,0.01,0,0,0,0,0,2,0,0,0,12,12,4,5,4,4,4
0,0,0.00001,200,0,254,0,0,0,2,0,0,0,100,0,0,0,0,0,0.01,0,0,0,0,0,2,0,0,0,12,12,4,5,4,4,4
0,0,0.00001,200,0,254,0,0,0,2,0,0,0,100,0,0,0,0,0,0.01,0,0,0,0,0,2,0,0,0,12,12,4,5,4,4,4
0,0,0.000002,200,0,254,0,0,0,2,0,0,0,100,0,0,0,0,0,0.002,0,0,0,0,0,2,0,0,0,12,12,2,2,2,2,2
0,0,0.000002,200,0,254,0,0,0,2,0,0,0,100,0,0,0,0,0,0.002,0,0,0,0,0,2,0,0,0,12,12,2,2,2,2,2
0,0,0.00001,200,0,254,0,0,0,2,0,0,0,100,0,0,0,0,0,0.006,0,0,0,0,0,2,0,0,0,12,12,2,2,2,2,2
0,0,0.00001,200,0,254,0,0,0,2,0,0,0,100,0,0,0,0,0,0.01,0,0,0,0,0,2,0,0,0,12,12,2,2,2,2,2
0,0,0.00001,200,0,254,0,0,0,2,0,0,0,100,0,0,0,0,0,0.006,0,0,0,0,0,2,0,0,0,10,10,2,2,2,2,2
0,0,0.00001,200,0,254,0,0,0,2,0,0,0,100,0,0,0,0,0,0.01,0,0,0,0,0,2,0,0,0,10,10,2,2,2,2,2
0,0,0.000011,200,0,254,0,0,0,2,0,0,0,100,0,0,0,0,0,0.011,0,0,0,0,0,2,0,0,0,10,10,4,4,4,4,4
0,0,0.000011,200,0,254,0,0,0,2,0,0,0,100,0,0,0,0,0,0.01,0,0,0,0,0,2,0,0,0,10,10,4,4,4,4,4
0,0,0.000011,200,0,254,0,0,0,2,0,0,0,100,0,0,0,0,0,0.011,0,0,0,0,0,2,0,0,0,10,10,4,4,4,4,4
0,0,0.000011,200,0,254,0,0,0,2,0,0,0,100,0,0,0,0,0,0.01,0,0,0,0,0,2,0,0,0,10,10,4,4,4,4,4
0,0,0.00001,200,0,254,0,0,0,2,0,0,0,100,0,0,0,0,0,0.01,0,0,0,0,0,2,0,0,0,10,10,2,2,2,2,2
0,0,0.00001,200,0,254,0,0,0,2,0,0,0,100,0,0,0,0,0,0.01,0,0,0,0,0,2,0,0,0,10,10,2,2,2,2,2
0,0,0.000007,200,0,254,0,0,0,2,0,0,0,100,0,0,0,0,0,0.007,0,0,0,0,0,2,0,0,0,10,10,2,3,2,2,2
0,0,0.000007,200,0,254,0,0,0,2,0,0,0,100,0,0,0,0,0,0.007,0,0,0,0,0,2,0,0,0,10,10,2,3,2,2,2
0,0,0.000008,200,0,254,0,0,0,2,0,0,0,100,0,0,0,0,0,0.011,0,0,0,0,0,2,0,0,0,15,12,7,9,6,6,7
0,0,0.000008,200,0,254,0,0,0,2,0,0,0,100,0,0,0,0,0,0.011,0,0,0,0,0,2,0,0,0,15,12,7,9,6,6,7
0,0,0.000008,200,0,254,0,0,0,2,0,0,0,100,0,0,0,0,0,0.008,0,0,0,0,0,2,0,0,0,15,12,7,9,6,6,7
0,0,0.000008,200,0,254,0,0,0,2,0,0,0,100,0,0,0,0,0,0.01,0,0,0,0,0,2,0,0,0,15,12,7,9,6,6,7
0,0,0.000008,200,0,254,0,0,0,2,0,0,0,100,0,0,0,0,0,0.008,0,0,0,0,0,2,0,0,0,15,12,7,9,6,6,7
0,0,0.000008,200,0,254,0,0,0,2,0,0,0,100,0,0,0,0,0,0.01,0,0,0,0,0,2,0,0,0,15,12,7,9,6,6,7
0,0,0.00001,200,0,254,0,0,0,2,0,0,0,100,0,0,0,0,0,0.01,0,0,0,0,0,2,0,0,0,15,12,2,7,2,2,2
0,0,0.00001,200,0,254,0,0,0,2,0,0,0,100,0,0,0,0,0,0.01,0,0,0,0,0,2,0,0,0,15,12,2,7,2,2,2
0,0,0.000008,200,0,254,0,0,0,2,0,0,0,100,0,0,0,0,0,0.008,0,0,0,0,0,2,0,0,0,15,12,4,7,4,4,4
0,0,0.000008,200,0,254,0,0,0,2,0,0,0,100,0,0,0,0,0,0.001,0,0,0,0,0,2,0,0,0,15,12,4,7,4,4,4
0,0,0.000008,200,0,254,0,0,0,2,0,0,0,100,0,0,0,0,0,0.001,0,0,0,0,0,2,0,0,0,15,12,4,7,4,4,4
0,0,0.000008,200,0,254,0,0,0,2,0,0,0,100,0,0,0,0,0,0.008,0,0,0,0,0,2,0,0,0,15,12,4,7,4,4,4
0,0,0.000007,200,0,254,0,0,0,2,0,0,0,100,0,0,0,0,0,0.007,0,0,0,0,0,2,0,0,0,8,9,4,4,4,4,4
0,0,0.000007,200,0,254,0,0,0,2,0,0,0,100,0,0,0,0,0,0.011,0,0,0,0,0,2,0,0,0,8,9,4,4,4,4,4
0,0,0.000007,200,0,254,0,0,0,2,0,0,0,100,0,0,0,0,0,0.007,0,0,0,0,0,2,0,0,0,8,9,4,4,4,4,4
0,0,0.000007,200,0,254,0,0,0,2,0,0,0,100,0,0,0,0,0,0.011,0,0,0,0,0,2,0,0,0,8,9,4,4,4,4,4
0,0,0.000011,200,0,254,0,0,0,2,0,0,0,100,0,0,0,0,0,0.011,0,0,0,0,0,2,0,0,0,8,9,2,9,2,2,2
0,0,0.000011,200,0,254,0,0,0,2,0,0,0,100,0,0,0,0,0,0.011,0,0,0,0,0,2,0,0,0,8,9,2,9,2,2,2
0,0,0.000011,200,0,254,0,0,0,2,0,0,0,100,0,0,0,0,0,0.011,0,0,0,0,0,2,0,0,0,8,9,2,2,2,2,2
0,0,0.000011,200,0,254,0,0,0,2,0,0,0,100,0,0,0,0,0,0.011,0,0,0,0,0,2,0,0,0,8,9,2,2,2,2,2
0,0,0.000004,200,0,254,0,0,0,2,0,0,0,100,0,0,0,0,0,0.011,0,0,0,0,0,2,0,0,0,14,14,4,8,4,4,4
0,0,0.000004,200,0,254,0,0,0,2,0,0,0,100,0,0,0,0,0,0.004,0,0,0,0,0,2,0,0,0,14,14,4,8,4,4,4
0,0,0.000004,200,0,254,0,0,0,2,0,0,0,100,0,0,0,0,0,0.011,0,0,0,0,0,2,0,0,0,14,14,4,8,4,4,4
0,0,0.000004,200,0,254,0,0,0,2,0,0,0,100,0,0,0,0,0,0.004,0,0,0,0,0,2,0,0,0,14,14,4,8,4,4,4
0,0,0.000003,200,0,254,0,0,0,2,0,0,0,100,0,0,0,0,0,0.003,0,0,0,0,0,2,0,0,0,14,14,4,7,4,4,4
0,0,0.000003,200,0,254,0,0,0,2,0,0,0,100,0,0,0,0,0,0.011,0,0,0,0,0,2,0,0,0,14,14,4,7,4,4,4
0,0,0.000003,200,0,254,0,0,0,2,0,0,0,100,0,0,0,0,0,0.003,0,0,0,0,0,2,0,0,0,14,14,4,7,4,4,4
0,0,0.000003,200,0,254,0,0,0,2,0,0,0,100,0,0,0,0,0,0.011,0,0,0,0,0,2,0,0,0,14,14,4,7,4,4,4
0,0,0.000003,200,0,254,0,0,0,2,0,0,0,100,0,0,0,0,0,0.005,0,0,0,0,0,2,0,0,0,14,14,6,8,6,6,6
0,0,0.000003,200,0,254,0,0,0,2,0,0,0,100,0,0,0,0,0,0.034,0,0,0,0,0,2,0,0,0,14,14,6,8,6,6,6
0,0,0.000003,200,0,254,0,0,0,2,0,0,0,100,0,0,0,0,0,0.003,0,0,0,0,0,2,0,0,0,14,14,6,8,6,6,6
0,0,0.000003,200,0,254,0,0,0,2,0,0,0,100,0,0,0,0,0,0.034,0,0,0,0,0,2,0,0,0,14,14,6,8,6,6,6
0,0,0.000003,200,0,254,0,0,0,2,0,0,0,100,0,0,0,0,0,0.003,0,0,0,0,0,2,0,0,0,14,14,6,8,6,6,6
0,0,0.000003,200,0,254,0,0,0,2,0,0,0,100,0,0,0,0,0,0.005,0,0,0,0,0,2,0,0,0,14,14,6,8,6,6,6
0,0,0.000008,200,0,254,0,0,0,2,0,0,0,100,0,0,0,0,0,0.008,0,0,0,0,0,2,0,0,0,9,9,2,2,2,2,2
0,0,0.000008,200,0,254,0,0,0,2,0,0,0,100,0,0,0,0,0,0.008,0,0,0,0,0,2,0,0,0,9,9,2,2,2,2,2
0,0,0.000011,200,0,254,0,0,0,2,0,0,0,100,0,0,0,0,0,0.006,0,0,0,0,0,2,0,0,0,9,9,7,13,6,6,6
0,0,0.000011,200,0,254,0,0,0,2,0,0,0,100,0,0,0,0,0,0.006,0,0,0,0,0,2,0,0,0,9,9,7,13,6,6,6
0,0,0.000011,200,0,254,0,0,0,2,0,0,0,100,0,0,0,0,0,0.004,0,0,0,0,0,2,0,0,0,9,9,7,13,6,6,6
0,0,0.000011,200,0,254,0,0,0,2,0,0,0,100,0,0,0,0,0,0.011,0,0,0,0,0,2,0,0,0,9,9,7,13,6,6,6
0,0,0.000011,200,0,254,0,0,0,2,0,0,0,100,0,0,0,0,0,0.004,0,0,0,0,0,2,0,0,0,9,9,7,13,6,6,6
0,0,0.000011,200,0,254,0,0,0,2,0,0,0,100,0,0,0,0,0,0.011,0,0,0,0,0,2,0,0,0,9,9,7,13,6,6,6
0,0,0.000007,200,0,254,0,0,0,2,0,0,0,100,0,0,0,0,0,0.006,0,0,0,0,0,2,0,0,0,9,9,1,5,1,1,1
0,0,0.000007,200,0,254,0,0,0,2,0,0,0,100,0,0,0,0,0,0.011,0,0,0,0,0,2,0,0,0,14,13,5,5,5,5,5
0,0,0.000007,200,0,254,0,0,0,2,0,0,0,100,0,0,0,0,0,0.011,0,0,0,0,0,2,0,0,0,14,13,5,5,5,5,5
0,0,0.000007,200,0,254,0,0,0,2,0,0,0,100,0,0,0,0,0,0.007,0,0,0,0,0,2,0,0,0,14,13,5,5,5,5,5
0,0,0.000007,200,0,254,0,0,0,2,0,0,0,100,0,0,0,0,0,0.006,0,0,0,0,0,2,0,0,0,14,13,5,5,5,5,5
0,0,0.000007,200,0,254,0,0,0,2,0,0,0,100,0,0,0,0,0,0.007,0,0,0,0,0,2,0,0,0,14,13,5,5,5,5,5
0,0,0.000003,200,0,254,0,0,0,2,0,0,0,100,0,0,0,0,0,0.003,0,0,0,0,0,2,0,0,0,14,13,4,7,4,4,4
0,0,0.000003,200,0,254,0,0,0,2,0,0,0,100,0,0,0,0,0,0.008,0,0,0,0,0,2,0,0,0,14,13,4,7,4,4,4
0,0,0.000003,200,0,254,0,0,0,2,0,0,0,100,0,0,0,0,0,0.008,0,0,0,0,0,2,0,0,0,14,13,4,7,4,4,4
0,0,0.000003,200,0,254,0,0,0,2,0,0,0,100,0,0,0,0,0,0.003,0,0,0,0,0,2,0,0,0,14,13,4,7,4,4,4
0,0,0.000008,200,0,254,0,0,0,2,0,0,0,100,0,0,0,0,0,0.009,0,0,0,0,0,2,0,0,0,14,13,4,11,4,4,4
0,0,0.000008,200,0,254,0,0,0,2,0,0,0,100,0,0,0,0,0,0.008,0,0,0,0,0,2,0,0,0,14,13,4,11,4,4,4
0,0,0.000008,200,0,254,0,0,0,2,0,0,0,100,0,0,0,0,0,0.009,0,0,0,0,0,2,0,0,0,14,13,4,11,4,4,4
0,0,0.000008,200,0,254,0,0,0,2,0,0,0,100,0,0,0,0,0,0.008,0,0,0,0,0,2,0,0,0,14,13,4,11,4,4,4
0,0,0.00001,200,0,254,0,0,0,2,0,0,0,100,0,0,0,0,0,0.007,0,0,0,0,0,2,0,0,0,14,14,6,6,6,6,6
0,0,0.00001,200,0,254,0,0,0,2,0,0,0,100,0,0,0,0,0,0.007,0,0,0,0,0,2,0,0,0,14,14,6,6,6,6,6
0,0,0.00001,200,0,254,0,0,0,2,0,0,0,100,0,0,0,0,0,0.003,0,0,0,0,0,2,0,0,0,14,14,6,6,6,6,6
0,0,0.00001,200,0,254,0,0,0,2,0,0,0,100,0,0,0,0,0,0.003,0,0,0,0,0,2,0,0,0,14,14,6,6,6,6,6
0,0,0.00001,200,0,254,0,0,0,2,0,0,0,100,0,0,0,0,0,0.01,0,0,0,0,0,2,0,0,0,14,14,6,6,6,6,6
0,0,0.00001,200,0,254,0,0,0,2,0,0,0,100,0,0,0,0,0,0.01,0,0,0,0,0,2,0,0,0,14,14,6,6,6,6,6
0,0,0.000004,200,0,254,0,0,0,2,0,0,0,100,0,0,0,0,0,0.004,0,0,0,0,0,2,0,0,0,14,14,4,11,4,4,4
0,0,0.000004,200,0,254,0,0,0,2,0,0,0,100,0,0,0,0,0,0.004,0,0,0,0,0,2,0,0,0,14,14,4,11,4,4,4
0,0,0.000004,200,0,254,0,0,0,2,0,0,0,100,0,0,0,0,0,0.004,0,0,0,0,0,2,0,0,0,14,14,4,11,4,4,4
0,0,0.000004,200,0,254,0,0,0,2,0,0,0,100,0,0,0,0,0,0.004,0,0,0,0,0,2,0,0,0,14,14,4,11,4,4,4
0,0,0.000006,200,0,254,0,0,0,2,0,0,0,100,0,0,0,0,0,0.01,0,0,0,0,0,2,0,0,0,14,14,4,8,4,4,4
0,0,0.000006,200,0,254,0,0,0,2,0,0,0,100,0,0,0,0,0,0.006,0,0,0,0,0,2,0,0,0,14,14,4,8,4,4,4
0,0,0.000006,200,0,254,0,0,0,2,0,0,0,100,0,0,0,0,0,0.01,0,0,0,0,0,2,0,0,0,14,14,4,8,4,4,4
0,0,0.000006,200,0,254,0,0,0,2,0,0,0,100,0,0,0,0,0,0.006,0,0,0,0,0,2,0,0,0,14,14,4,8,4,4,4
0,0,0.000004,200,0,254,0,0,0,2,0,0,0,100,0,0,0,0,0,0.004,0,0,0,0,0,2,0,0,0,13,11,2,6,2,2,2
0,0,0.000004,200,0,254,0,0,0,2,0,0,0,100,0,0,0,0,0,0.004,0,0,0,0,0,2,0,0,0,13,11,2,6,2,2,2
0,0,0.00001,200,0,254,0,0,0,2,0,0,0,100,0,0,0,0,0,0.01,0,0,0,0,0,2,0,0,0,13,11,2,7,2,2,2
0,0,0.00001,200,0,254,0,0,0,2,0,0,0,100,0,0,0,0,0,0.01,0,0,0,0,0,2,0,0,0,13,11,2,7,2,2,2
0,0,0.000003,200,0,254,0,0,0,2,0,0,0,100,0,0,0,0,0,0.004,0,0,0,0,0,2,0,0,0,13,11,7,10,6,6,7
0,0,0.000003,200,0,254,0,0,0,2,0,0,0,100,0,0,0,0,0,0.003,0,0,0,0,0,2,0,0,0,13,11,7,10,6,6,7
0,0,0.000003,200,0,254,0,0,0,2,0,0,0,100,0,0,0,0,0,0.004,0,0,0,0,0,2,0,0,0,13,11,7,10,6,6,7
0,0,0.000003,200,0,254,0,0,0,2,0,0,0,100,0,0,0,0,0,0.007,0,0,0,0,0,2,0,0,0,13,11,7,10,6,6,7
0,0,0.000003,200,0,254,0,0,0,2,0,0,0,100,0,0,0,0,0,0.003,0,0,0,0,0,2,0,0,0,13,11,7,10,6,6,7
0,0,0.000003,200,0,254,0,0,0,2,0,0,0,100,0,0,0,0,0,0.007,0,0,0,0,0,2,0,0,0,13,11,7,10,6,6,7
0,0,0.000003,200,0,254,0,0,0,2,0,0,0,100,0,0,0,0,0,0.003,0,0,0,0,0,2,0,0,0,10,10,4,8,4,4,4
0,0,0.000003,200,0,254,0,0,0,2,0,0,0,100,0,0,0,0,0,0.003,0,0,0,0,0,2,0,0,0,10,10,4,8,4,4,4
0,0,0.000003,200,0,254,0,0,0,2,0,0,0,100,0,0,0,0,0,0.003,0,0,0,0,0,2,0,0,0,10,10,4,8,4,4,4
0,0,0.000003,200,0,254,0,0,0,2,0,0,0,100,0,0,0,0,0,0.003,0,0,0,0,0,2,0,0,0,10,10,4,8,4,4,4
0,0,0.000007,200,0,254,0,0,0,2,0,0,0,100,0,0,0,0,0,0.004,0,0,0,0,0,2,0,0,0,10,10,6,9,6,6,6
0,0,0.000007,200,0,254,0,0,0,2,0,0,0,100,0,0,0,0,0,0.006,0,0,0,0,0,2,0,0,0,10,10,6,9,6,6,6
0,0,0.000007,200,0,254,0,0,0,2,0,0,0,100,0,0,0,0,0,0.006,0,0,0,0,0,2,0,0,0,10,10,6,9,6,6,6
0,0,0.000007,200,0,254,0,0,0,2,0,0,0,100,0,0,0,0,0,0.004,0,0,0,0,0,2,0,0,0,10,10,6,9,6,6,6
0,0,0.000007,200,0,254,0,0,0,2,0,0,0,100,0,0,0,0,0,0.007,0,0,0,0,0,2,0,0,0,10,10,6,9,6,6,6
0,0,0.000007,200,0,254,0,0,0,2,0,0,0,100,0,0,0,0,0,0.007,0,0,0,0,0,2,0,0,0,10,10,6,9,6,6,6
0,0,0.00001,200,0,254,0,0,0,2,0,0,0,100,0,0,0,0,0,0.01,0,0,0,0,0,2,0,0,0,12,12,2,9,2,2,2
0,0,0.00001,200,0,254,0,0,0,2,0,0,0,100,0,0,0,0,0,0.01,0,0,0,0,0,2,0,0,0,12,12,2,9,2,2,2
0,0,0.000035,200,0,254,0,0,0,2,0,0,0,100,0,0,0,0,0,0.007,0,0,0,0,0,2,0,0,0,12,12,6,6,6,6,6
0,0,0.000035,200,0,254,0,0,0,2,0,0,0,100,0,0,0,0,0,0.007,0,0,0,0,0,2,0,0,0,12,12,6,6,6,6,6
0,0,0.000035,200,0,254,0,0,0,2,0,0,0,100,0,0,0,0,0,0.01,0,0,0,0,0,2,0,0,0,12,12,6,6,6,6,6
0,0,0.000035,200,0,254,0,0,0,2,0,0,0,100,0,0,0,0,0,0.035,0,0,0,0,0,2,0,0,0,12,12,6,6,6,6,6
0,0,0.000035,200,0,254,0,0,0,2,0,0,0,100,0,0,0,0,0,0.035,0,0,0,0,0,2,0,0,0,12,12,6,6,6,6,6
0,0,0.000035,200,0,254,0,0,0,2,0,0,0,100,0,0,0,0,0,0.01,0,0,0,0,0,2,0,0,0,12,12,6,6,6,6,6
0,0,0.000011,200,0,254,0,0,0,2,0,0,0,100,0,0,0,0,0,0.01,0,0,0,0,0,2,0,0,0,12,12,4,11,4,4,4
0,0,0.000011,200,0,254,0,0,0,2,0,0,0,100,0,0,0,0,0,0.011,0,0,0,0,0,2,0,0,0,12,12,4,11,4,4,4
0,0,0.000011,200,0,254,0,0,0,2,0,0,0,100,0,0,0,0,0,0.01,0,0,0,0,0,2,0,0,0,12,12,4,11,4,4,4
0,0,0.000011,200,0,254,0,0,0,2,0,0,0,100,0,0,0,0,0,0.011,0,0,0,0,0,2,0,0,0,12,12,4,11,4,4,4
0,0,0.000003,200,0,254,0,0,0,2,0,0,0,100,0,0,0,0,0,0.007,0,0,0,0,0,2,0,0,0,15,14,8,8,8,8,8
0,0,0.000003,200,0,254,0,0,0,2,0,0,0,100,0,0,0,0,0,0.003,0,0,0,0,0,2,0,0,0,15,14,8,8,8,8,8
0,0,0.000003,200,0,254,0,0,0,2,0,0,0,100,0,0,0,0,0,0.01,0,0,0,0,0,2,0,0,0,15,14,8,8,8,8,8
0,0,0.000003,200,0,254,0,0,0,2,0,0,0,100,0,0,0,0,0,0.007,0,0,0,0,0,2,0,0,0,15,14,8,8,8,8,8
0,0,0.000003,200,0,254,0,0,0,2,0,0,0,100,0,0,0,0,0,0.003,0,0,0,0,0,2,0,0,0,15,14,8,8,8,8,8
0,0,0.000003,200,0,254,0,0,0,2,0,0,0,100,0,0,0,0,0,0.01,0,0,0,0,0,2,0,0,0,15,14,8,8,8,8,8
0,0,0.000003,200,0,254,0,0,0,2,0,0,0,100,0,0,0,0,0,0.011,0,0,0,0,0,2,0,0,0,15,14,8,8,8,8,8
0,0,0.000003,200,0,254,0,0,0,2,0,0,0,100,0,0,0,0,0,0.011,0,0,0,0,0,2,0,0,0,15,14,8,8,8,8,8
0,0,0.00001,200,0,254,0,0,0,2,0,0,0,100,0,0,0,0,0,0.01,0,0,0,0,0,2,0,0,0,15,14,2,6,2,2,2
0,0,0.00001,200,0,254,0,0,0,2,0,0,0,100,0,0,0,0,0,0.01,0,0,0,0,0,2,0,0,0,15,14,2,6,2,2,2
0,0,0.00001,200,0,254,0,0,0,2,0,0,0,100,0,0,0,0,0,0.01,0,0,0,0,0,2,0,0,0,15,14,4,9,4,4,4
0,0,0.00001,200,0,254,0,0,0,2,0,0,0,100,0,0,0,0,0,0.002,0,0,0,0,0,2,0,0,0,15,14,4,9,4,4,4
0,0,0.00001,200,0,254,0,0,0,2,0,0,0,100,0,0,0,0,0,0.01,0,0,0,0,0,2,0,0,0,15,14,4,9,4,4,4
0,0,0.00001,200,0,254,0,0,0,2,0,0,0,100,0,0,0,0,0,0.002,0,0,0,0,0,2,0,0,0,15,14,4,9,4,4,4
0,0,0.000003,200,0,254,0,0,0,2,0,0,0,100,0,0,0,0,0,0.005,0,0,0,0,0,2,0,0,0,12,12,4,4,4,4,4
0,0,0.000003,200,0,254,0,0,0,2,0,0,0,100,0,0,0,0,0,0.003,0,0,0,0,0,2,0,0,0,12,12,4,4,4,4,4
0,0,0.000003,200,0,254,0,0,0,2,0,0,0,100,0,0,0,0,0,0.005,0,0,0,0,0,2,0,0,0,12,12,4,4,4,4,4
0,0,0.000003,200,0,254,0,0,0,2,0,0,0,100,0,0,0,0,0,0.003,0,0,0,0,0,2,0,0,0,12,12,4,4,4,4,4
0,0,0.00001,200,0,254,0,0,0,2,0,0,0,100,0,0,0,0,0,0.01,0,0,0,0,0,2,0,0,0,12,12,4,11,4,4,4
0,0,0.00001,200,0,254,0,0,0,2,0,0,0,100,0,0,0,0,0,0.01,0,0,0,0,0,2,0,0,0,12,12,4,11,4,4,4
0,0,0.00001,200,0,254,0,0,0,2,0,0,0,100,0,0,0,0,0,0.007,0,0,0,0,0,2,0,0,0,12,12,4,11,4,4,4
0,0,0.00001,200,0,254,0,0,0,2,0,0,0,100,0,0,0,0,0,0.007,0,0,0,0,0,2,0,0,0,12,12,4,11,4,4,4
0,0,0.000007,200,0,254,0,0,0,2,0,0,0,100,0,0,0,0,0,0.007,0,0,0,0,0,2,0,0,0,12,12,2,2,2,2,2
0,0,0.000007,200,0,254,0,0,0,2,0,0,0,100,0,0,0,0,0,0.007,0,0,0,0,0,2,0,0,0,12,12,2,2,2,2,2
0,0,0.00001,200,0,254,0,0,0,2,0,0,0,100,0,0,0,0,0,0.01,0,0,0,0,0,2,0,0,0,12,12,2,8,2,2,2
0,0,0.00001,200,0,254,0,0,0,2,0,0,0,100,0,0,0,0,0,0.01,0,0,0,0,0,2,0,0,0,12,12,2,8,2,2,2
0,0,0.000008,200,0,254,0,0,0,2,0,0,0,100,0,0,0,0,0,0.011,0,0,0,0,0,2,0,0,0,10,10,6,10,6,6,6
0,0,0.000008,200,0,254,0,0,0,2,0,0,0,100,0,0,0,0,0,0.008,0,0,0,0,0,2,0,0,0,10,10,6,10,6,6,6
0,0,0.000008,200,0,254,0,0,0,2,0,0,0,100,0,0,0,0,0,0.016,0,0,0,0,0,2,0,0,0,10,10,6,10,6,6,6
0,0,0.000008,200,0,254,0,0,0,2,0,0,0,100,0,0,0,0,0,0.011,0,0,0,0,0,2,0,0,0,10,10,6,10,6,6,6
0,0,0.000008,200,0,254,0,0,0,2,0,0,0,100,0,0,0,0,0,0.016,0,0,0,0,0,2,0,0,0,10,10,6,10,6,6,6
0,0,0.000008,200,0,254,0,0,0,2,0,0,0,100,0,0,0,0,0,0.008,0,0,0,0,0,2,0,0,0,10,10,6,10,6,6,6
0,0,0.000004,200,0,254,0,0,0,2,0,0,0,100,0,0,0,0,0,0.004,0,0,0,0,0,2,0,0,0,10,10,3,5,2,2,2
0,0,0.000004,200,0,254,0,0,0,2,0,0,0,100,0,0,0,0,0,0.004,0,0,0,0,0,2,0,0,0,10,10,3,5,2,2,2
0,0,0.000004,200,0,254,0,0,0,2,0,0,0,100,0,0,0,0,0,0.004,0,0,0,0,0,2,0,0,0,11,11,4,8,4,4,4
0,0,0.000004,200,0,254,0,0,0,2,0,0,0,100,0,0,0,0,0,0.011,0,0,0,0,0,2,0,0,0,11,11,4,8,4,4,4
0,0,0.000004,200,0,254,0,0,0,2,0,0,0,100,0,0,0,0,0,0.004,0,0,0,0,0,2,0,0,0,11,11,4,8,4,4,4
0,0,0.000004,200,0,254,0,0,0,2,0,0,0,100,0,0,0,0,0,0.011,0,0,0,0,0,2,0,0,0,11,11,4,8,4,4,4
0,0,0.000003,200,0,254,0,0,0,2,0,0,0,100,0,0,0,0,0,0.003,0,0,0,0,0,2,0,0,0,11,11,5,5,4,4,5
0,0,0.000003,200,0,254,0,0,0,2,0,0,0,100,0,0,0,0,0,0.003,0,0,0,0,0,2,0,0,0,11,11,5,5,4,4,5
0,0,0.000003,200,0,254,0,0,0,2,0,0,0,100,0,0,0,0,0,0.011,0,0,0,0,0,2,0,0,0,11,11,5,5,4,4,5
0,0,0.000003,200,0,254,0,0,0,2,0,0,0,100,0,0,0,0,0,0.011,0,0,0,0,0,2,0,0,0,11,11,5,5,4,4,5
0,0,0.00001,200,0,254,0,0,0,2,0,0,0,100,0,0,0,0,0,0.01,0,0,0,0,0,2,0,0,0,11,11,2,5,2,2,2
0,0,0.00001,200,0,254,0,0,0,2,0,0,0,100,0,0,0,0,0,0.01,0,0,0,0,0,2,0,0,0,11,11,2,5,2,2,2
0,0,0.000006,200,0,254,0,0,0,2,0,0,0,100,0,0,0,0,0,0.006,0,0,0,0,0,2,0,0,0,10,9,4,7,4,4,4
0,0,0.000006,200,0,254,0,0,0,2,0,0,0,100,0,0,0,0,0,0.003,0,0,0,0,0,2,0,0,0,10,9,4,7,4,4,4
0,0,0.000006,200,0,254,0,0,0,2,0,0,0,100,0,0,0,0,0,0.006,0,0,0,0,0,2,0,0,0,10,9,4,7,4,4,4
0,0,0.000006,200,0,254,0,0,0,2,0,0,0,100,0,0,0,0,0,0.003,0,0,0,0,0,2,0,0,0,10,9,4,7,4,4,4
0,0,0.000006,200,0,254,0,0,0,2,0,0,0,100,0,0,0,0,0,0.006,0,0,0,0,0,2,0,0,0,10,9,3,4,2,2,3
0,0,0.000006,200,0,254,0,0,0,2,0,0,0,100,0,0,0,0,0,0.006,0,0,0,0,0,2,0,0,0,10,9,3,4,2,2,3
0,0,0.000002,200,0,254,0,0,0,2,0,0,0,100,0,0,0,0,0,0.002,0,0,0,0,0,2,0,0,0,10,9,2,6,2,2,2
0,0,0.000002,200,0,254,0,0,0,2,0,0,0,100,0,0,0,0,0,0.002,0,0,0,0,0,2,0,0,0,10,9,2,6,2,2,2
0,0,0.000007,200,0,254,0,0,0,2,0,0,0,100,0,0,0,0,0,0.007,0,0,0,0,0,2,0,0,0,10,9,2,4,2,2,2
0,0,0.000007,200,0,254,0,0,0,2,0,0,0,100,0,0,0,0,0,0.007,0,0,0,0,0,2,0,0,0,10,9,2,4,2,2,2
0,0,0.00001,200,0,254,0,0,0,2,0,0,0,100,0,0,0,0,0,0.01,0,0,0,0,0,2,0,0,0,10,9,6,9,4,4,5
0,0,0.00001,200,0,254,0,0,0,2,0,0,0,100,0,0,0,0,0,0.005,0,0,0,0,0,2,0,0,0,10,9,6,9,4,4,5
0,0,0.00001,200,0,254,0,0,0,2,0,0,0,100,0,0,0,0,0,0.01,0,0,0,0,0,2,0,0,0,10,9,6,9,4,4,5
0,0,0.00001,200,0,254,0,0,0,2,0,0,0,100,0,0,0,0,0,0.005,0,0,0,0,0,2,0,0,0,10,9,6,9,4,4,5
0,0,0.000004,200,0,254,0,0,0,2,0,0,0,100,0,0,0,0,0,0.004,0,0,0,0,0,2,0,0,0,10,9,2,6,2,2,2
0,0,0.000004,200,0,254,0,0,0,2,0,0,0,100,0,0,0,0,0,0.004,0,0,0,0,0,2,0,0,0,10,9,2,6,2,2,2
0,0,0.000019,200,0,254,0,0,0,2,0,0,0,100,0,0,0,0,0,0.019,0,0,0,0,0,2,0,0,0,10,10,4,11,4,4,4
0,0,0.000019,200,0,254,0,0,0,2,0,0,0,100,0,0,0,0,0,0.019,0,0,0,0,0,2,0,0,0,10,10,4,11,4,4,4
0,0,0.000019,200,0,254,0,0,0,2,0,0,0,100,0,0,0,0,0,0.008,0,0,0,0,0,2,0,0,0,10,10,4,11,4,4,4
0,0,0.000019,200,0,254,0,0,0,2,0,0,0,100,0,0,0,0,0,0.008,0,0,0,0,0,2,0,0,0,10,10,4,11,4,4,4
0,0,0.000004,200,0,254,0,0,0,2,0,0,0,100,0,0,0,0,0,0.004,0,0,0,0,0,2,0,0,0,10,10,3,3,2,2,2
0,0,0.000004,200,0,254,0,0,0,2,0,0,0,100,0,0,0,0,0,0.004,0,0,0,0,0,2,0,0,0,10,10,3,3,2,2,2
0,0,0.000011,200,0,254,0,0,0,2,0,0,0,100,0,0,0,0,0,0.011,0,0,0,0,0,2,0,0,0,10,10,3,7,2,2,3
0,0,0.000011,200,0,254,0,0,0,2,0,0,0,100,0,0,0,0,0,0.011,0,0,0,0,0,2,0,0,0,10,10,3,7,2,2,3
0,0,0.000004,200,0,254,0,0,0,2,0,0,0,100,0,0,0,0,0,0.004,0,0,0,0,0,2,0,0,0,14,14,2,4,2,2,2
0,0,0.000004,200,0,254,0,0,0,2,0,0,0,100,0,0,0,0,0,0.004,0,0,0,0,0,2,0,0,0,14,14,2,4,2,2,2
0,0,0.000004,200,0,254,0,0,0,2,0,0,0,100,0,0,0,0,0,0.003,0,0,0,0,0,2,0,0,0,14,14,6,9,4,4,5
0,0,0.000004,200,0,254,0,0,0,2,0,0,0,100,0,0,0,0,0,0.003,0,0,0,0,0,2,0,0,0,14,14,6,9,4,4,5
0,0,0.000004,200,0,254,0,0,0,2,0,0,0,100,0,0,0,0,0,0.004,0,0,0,0,0,2,0,0,0,14,14,6,9,4,4,5
0,0,0.000004,200,0,254,0,0,0,2,0,0,0,100,0,0,0,0,0,0.004,0,0,0,0,0,2,0,0,0,14,14,6,9,4,4,5
0,0,0.000004,200,0,254,0,0,0,2,0,0,0,100,0,0,0,0,0,0.004,0,0,0,0,0,2,0,0,0,14,14,6,9,6,6,6
0,0,0.000004,200,0,254,0,0,0,2,0,0,0,100,0,0,0,0,0,0.008,0,0,0,0,0,2,0,0,0,14,14,6,9,6,6,6
0,0,0.000004,200,0,254,0,0,0,2,0,0,0,100,0,0,0,0,0,0.008,0,0,0,0,0,2,0,0,0,14,14,6,9,6,6,6
0,0,0.000004,200,0,254,0,0,0,2,0,0,0,100,0,0,0,0,0,0.004,0,0,0,0,0,2,0,0,0,14,14,6,9,6,6,6
0,0,0.000004,200,0,254,0,0,0,2,0,0,0,100,0,0,0,0,0,0.011,0,0,0,0,0,2,0,0,0,14,14,6,9,6,6,6
0,0,0.000004,200,0,254,0,0,0,2,0,0,0,100,0,0,0,0,0,0.011,0,0,0,0,0,2,0,0,0,14,14,6,9,6,6,6
0,0,0.000011,200,0,254,0,0,0,2,0,0,0,100,0,0,0,0,0,0.009,0,0,0,0,0,2,0,0,0,14,14,1,1,1,1,1
0,0,0.000011,200,0,254,0,0,0,2,0,0,0,100,0,0,0,0,0,0.011,0,0,0,0,0,2,0,0,0,11,11,4,8,3,3,4
0,0,0.000011,200,0,254,0,0,0,2,0,0,0,100,0,0,0,0,0,0.009,0,0,0,0,0,2,0,0,0,11,11,4,8,3,3,4
0,0,0.000011,200,0,254,0,0,0,2,0,0,0,100,0,0,0,0,0,0.011,0,0,0,0,0,2,0,0,0,11,11,4,8,3,3,4
0,0,0.000011,200,0,254,0,0,0,2,0,0,0,100,0,0,0,0,0,0.011,0,0,0,0,0,2,0,0,0,11,11,2,5,2,2,2
0,0,0.000011,200,0,254,0,0,0,2,0,0,0,100,0,0,0,0,0,0.011,0,0,0,0,0,2,0,0,0,11,11,2,5,2,2,2
0,0,0.000007,200,0,254,0,0,0,2,0,0,0,100,0,0,0,0,0,0.007,0,0,0,0,0,2,0,0,0,11,11,5,5,4,4,5
0,0,0.000007,200,0,254,0,0,0,2,0,0,0,100,0,0,0,0,0,0.008,0,0,0,0,0,2,0,0,0,11,11,5,5,4,4,5
0,0,0.000007,200,0,254,0,0,0,2,0,0,0,100,0,0,0,0,0,0.007,0,0,0,0,0,2,0,0,0,11,11,5,5,4,4,5
0,0,0.000007,200,0,254,0,0,0,2,0,0,0,100,0,0,0,0,0,0.008,0,0,0,0,0,2,0,0,0,11,11,5,5,4,4,5
0,0,0.000004,200,0,254,0,0,0,2,0,0,0,100,0,0,0,0,0,0.011,0,0,0,0,0,2,0,0,0,15,15,6,11,6,6,6
0,0,0.000004,200,0,254,0,0,0,2,0,0,0,100,0,0,0,0,0,0.007,0,0,0,0,0,2,0,0,0,15,15,6,11,6,6,6
0,0,0.000004,200,0,254,0,0,0,2,0,0,0,100,0,0,0,0,0,0.004,0,0,0,0,0,2,0,0,0,15,15,6,11,6,6,6
0,0,0.000004,200,0,254,0,0,0,2,0,0,0,100,0,0,0,0,0,0.011,0,0,0,0,0,2,0,0,0,15,15,6,11,6,6,6
0,0,0.000004,200,0,254,0,0,0,2,0,0,0,100,0,0,0,0,0,0.007,0,0,0,0,0,2,0,0,0,15,15,6,11,6,6,6
0,0,0.000004,200,0,254,0,0,0,2,0,0,0,100,0,0,0,0,0,0.004,0,0,0,0,0,2,0,0,0,15,15,6,11,6,6,6
0,0,0.000002,200,0,254,0,0,0,2,0,0,0,100,0,0,0,0,0,0.002,0,0,0,0,0,2,0,0,0,15,15,4,8,2,2,3
0,0,0.000002,200,0,254,0,0,0,2,0,0,0,100,0,0,0,0,0,0.002,0,0,0,0,0,2,0,0,0,15,15,4,8,2,2,3
0,0,0.000009,200,0,254,0,0,0,2,0,0,0,100,0,0,0,0,0,0.009,0,0,0,0,0,2,0,0,0,15,15,2,3,2,2,2
0,0,0.000009,200,0,254,0,0,0,2,0,0,0,100,0,0,0,0,0,0.009,0,0,0,0,0,2,0,0,0,15,15,2,3,2,2,2
0,0,0.000011,200,0,254,0,0,0,2,0,0,0,100,0,0,0,0,0,0.001,0,0,0,0,0,2,0,0,0,15,15,3,3,2,2,3
0,0,0.000011,200,0,254,0,0,0,2,0,0,0,100,0,0,0,0,0,0.011,0,0,0,0,0,2,0,0,0,15,15,3,3,2,2,3
0,0,0.000011,200,0,254,0,0,0,2,0,0,0,100,0,0,0,0,0,0.001,0,0,0,0,0,2,0,0,0,8,7,2,6,2,2,2
0,0,0.000011,200,0,254,0,0,0,2,0,0,0,100,0,0,0,0,0,0.011,0,0,0,0,0,2,0,0,0,8,7,2,6,2,2,2
0,0,0.00001,200,0,254,0,0,0,2,0,0,0,100,0,0,0,0,0,0.01,0,0,0,0,0,2,0,0,0,8,7,3,6,2,2,3
0,0,0.00001,200,0,254,0,0,0,2,0,0,0,100,0,0,0,0,0,0.01,0,0,0,0,0,2,0,0,0,8,7,3,6,2,2,3
0,0,0.00001,200,0,254,0,0,0,2,0,0,0,100,0,0,0,0,0,0.01,0,0,0,0,0,2,0,0,0,8,7,3,8,2,2,3
0,0,0.00001,200,0,254,0,0,0,2,0,0,0,100,0,0,0,0,0,0.01,0,0,0,0,0,2,0,0,0,8,7,3,8,2,2,3
0,0,0.00001,200,0,254,0,0,0,2,0,0,0,100,0,0,0,0,0,0.01,0,0,0,0,0,2,0,0,0,10,10,4,6,4,4,4
0,0,0.00001,200,0,254,0,0,0,2,0,0,0,100,0,0,0,0,0,0.004,0,0,0,0,0,2,0,0,0,10,10,4,6,4,4,4
0,0,0.00001,200,0,254,0,0,0,2,0,0,0,100,0,0,0,0,0,0.01,0,0,0,0,0,2,0,0,0,10,10,4,6,4,4,4
0,0,0.00001,200,0,254,0,0,0,2,0,0,0,100,0,0,0,0,0,0.004,0,0,0,0,0,2,0,0,0,10,10,4,6,4,4,4
0,0,0.000006,200,0,254,0,0,0,2,0,0,0,100,0,0,0,0,0,0.011,0,0,0,0,0,2,0,0,0,10,10,6,12,4,4,5
0,0,0.000006,200,0,254,0,0,0,2,0,0,0,100,0,0,0,0,0,0.006,0,0,0,0,0,2,0,0,0,10,10,6,12,4,4,5
0,0,0.000006,200,0,254,0,0,0,2,0,0,0,100,0,0,0,0,0,0.011,0,0,0,0,0,2,0,0,0,10,10,6,12,4,4,5
0,0,0.000006,200,0,254,0,0,0,2,0,0,0,100,0,0,0,0,0,0.006,0,0,0,0,0,2,0,0,0,10,10,6,12,4,4,5
0,0,0.000003,200,0,254,0,0,0,2,0,0,0,100,0,0,0,0,0,0.003,0,0,0,0,0,2,0,0,0,16,16,3,3,3,3,3
0,0,0.000003,200,0,254,0,0,0,2,0,0,0,100,0,0,0,0,0,0.01,0,0,0,0,0,2,0,0,0,10,10,1,1,1,1,1
0,0,0.000003,200,0,254,0,0,0,2,0,0,0,100,0,0,0,0,0,0.003,0,0,0,0,0,2,0,0,0,16,16,3,3,3,3,3
0,0,0.000003,200,0,254,0,0,0,2,0,0,0,100,0,0,0,0,0,0.01,0,0,0,0,0,2,0,0,0,16,16,3,3,3,3,3
0,0,0.000011,200,0,254,0,0,0,2,0,0,0,100,0,0,0,0,0,0.01,0,0,0,0,0,2,0,0,0,16,16,4,11,4,4,4
0,0,0.000011,200,0,254,0,0,0,2,0,0,0,100,0,0,0,0,0,0.011,0,0,0,0,0,2,0,0,0,16,16,4,11,4,4,4
0,0,0.000011,200,0,254,0,0,0,2,0,0,0,100,0,0,0,0,0,0.01,0,0,0,0,0,2,0,0,0,16,16,4,11,4,4,4
0,0,0.000011,200,0,254,0,0,0,2,0,0,0,100,0,0,0,0,0,0.011,0,0,0,0,0,2,0,0,0,16,16,4,11,4,4,4
0,0,0.000007,200,0,254,0,0,0,2,0,0,0,100,0,0,0,0,0,0.01,0,0,0,0,0,2,0,0,0,16,16,5,9,4,4,5
0,0,0.000007,200,0,254,0,0,0,2,0,0,0,100,0,0,0,0,0,0.007,0,0,0,0,0,2,0,0,0,16,16,5,9,4,4,5
0,0,0.000007,200,0,254,0,0,0,2,0,0,0,100,0,0,0,0,0,0.007,0,0,0,0,0,2,0,0,0,16,16,5,9,4,4,5
0,0,0.000007,200,0,254,0,0,0,2,0,0,0,100,0,0,0,0,0,0.01,0,0,0,0,0,2,0,0,0,16,16,5,9,4,4,5
0,0,0.000001,200,0,254,0,0,0,2,0,0,0,100,0,0,0,0,0,0.001,0,0,0,0,0,2,0,0,0,16,16,4,4,4,4,4
0,0,0.000001,200,0,254,0,0,0,2,0,0,0,100,0,0,0,0,0,0.001,0,0,0,0,0,2,0,0,0,16,16,4,4,4,4,4
0,0,0.000001,200,0,254,0,0,0,2,0,0,0,100,0,0,0,0,0,0.01,0,0,0,0,0,2,0,0,0,16,16,4,4,4,4,4
0,0,0.000001,200,0,254,0,0,0,2,0,0,0,100,0,0,0,0,0,0.01,0,0,0,0,0,2,0,0,0,16,16,4,4,4,4,4
0,0,0.000004,200,0,254,0,0,0,2,0,0,0,100,0,0,0,0,0,0.004,0,0,0,0,0,2,0,0,0,11,11,2,6,2,2,2
0,0,0.000004,200,0,254,0,0,0,2,0,0,0,100,0,0,0,0,0,0.004,0,0,0,0,0,2,0,0,0,11,11,2,6,2,2,2
0,0,0.000003,200,0,254,0,0,0,2,0,0,0,100,0,0,0,0,0,0.004,0,0,0,0,0,2,0,0,0,11,11,5,8,4,4,5
0,0,0.000003,200,0,254,0,0,0,2,0,0,0,100,0,0,0,0,0,0.003,0,0,0,0,0,2,0,0,0,11,11,5,8,4,4,5
0,0,0.000003,200,0,254,0,0,0,2,0,0,0,100,0,0,0,0,0,0.004,0,0,0,0,0,2,0,0,0,11,11,5,8,4,4,5
0,0,0.000003,200,0,254,0,0,0,2,0,0,0,100,0,0,0,0,0,0.003,0,0,0,0,0,2,0,0,0,11,11,5,8,4,4,5
0,0,0.00001,200,0,254,0,0,0,2,0,0,0,100,0,0,0,0,0,0.01,0,0,0,0,0,2,0,0,0,11,11,2,2,2,2,2
0,0,0.00001,200,0,254,0,0,0,2,0,0,0,100,0,0,0,0,0,0.01,0,0,0,0,0,2,0,0,0,11,11,2,2,2,2,2
0,0,0.000005,200,0,254,0,0,0,2,0,0,0,100,0,0,0,0,0,0.005,0,0,0,0,0,2,0,0,0,11,11,2,2,2,2,2
0,0,0.000005,200,0,254,0,0,0,2,0,0,0,100,0,0,0,0,0,0.005,0,0,0,0,0,2,0,0,0,11,11,2,2,2,2,2
0,0,0.000011,200,0,254,0,0,0,2,0,0,0,100,0,0,0,0,0,0.011,0,0,0,0,0,2,0,0,0,6,6,2,5,2,2,2
0,0,0.000011,200,0,254,0,0,0,2,0,0,0,100,0,0,0,0,0,0.011,0,0,0,0,0,2,0,0,0,6,6,2,5,2,2,2
0,0,0.000007,200,0,254,0,0,0,2,0,0,0,100,0,0,0,0,0,0.007,0,0,0,0,0,2,0,0,0,6,6,2,3,2,2,2
0,0,0.000007,200,0,254,0,0,0,2,0,0,0,100,0,0,0,0,0,0.007,0,0,0,0,0,2,0,0,0,6,6,2,3,2,2,2
0,0,0.000004,200,0,254,0,0,0,2,0,0,0,100,0,0,0,0,0,0.004,0,0,0,0,0,2,0,0,0,10,9,2,2,2,2,2
0,0,0.000004,200,0,254,0,0,0,2,0,0,0,100,0,0,0,0,0,0.004,0,0,0,0,0,2,0,0,0,10,9,2,2,2,2,2
0,0,0.000004,200,0,254,0,0,0,2,0,0,0,100,0,0,0,0,0,0.004,0,0,0,0,0,2,0,0,0,10,9,2,6,2,2,2
0,0,0.000004,200,0,254,0,0,0,2,0,0,0,100,0,0,0,0,0,0.004,0,0,0,0,0,2,0,0,0,10,9,2,6,2,2,2
0,0,0.000007,200,0,254,0,0,0,2,0,0,0,100,0,0,0,0,0,0.007,0,0,0,0,0,2,0,0,0,10,9,2,6,2,2,2
0,0,0.000007,200,0,254,0,0,0,2,0,0,0,100,0,0,0,0,0,0.007,0,0,0,0,0,2,0,0,0,10,9,2,6,2,2,2
0,0,0.000007,200,0,254,0,0,0,2,0,0,0,100,0,0,0,0,0,0.007,0,0,0,0,0,2,0,0,0,10,9,3,7,2,2,3
0,0,0.000007,200,0,254,0,0,0,2,0,0,0,100,0,0,0,0,0,0.007,0,0,0,0,0,2,0,0,0,10,9,3,7,2,2,3
0,0,0.000003,200,0,254,0,0,0,2,0,0,0,100,0,0,0,0,0,0.003,0,0,0,0,0,2,0,0,0,7,7,2,6,2,2,2
0,0,0.000003,200,0,254,0,0,0,2,0,0,0,100,0,0,0,0,0,0.003,0,0,0,0,0,2,0,0,0,7,7,2,6,2,2,2
0,0,0.000011,200,0,254,0,0,0,2,0,0,0,100,0,0,0,0,0,0.011,0,0,0,0,0,2,0,0,0,7,7,5,8,4,4,5
0,0,0.000011,200,0,254,0,0,0,2,0,0,0,100,0,0,0,0,0,0.008,0,0,0,0,0,2,0,0,0,7,7,5,8,4,4,5
0,0,0.000011,200,0,254,0,0,0,2,0,0,0,100,0,0,0,0,0,0.011,0,0,0,0,0,2,0,0,0,7,7,5,8,4,4,5
0,0,0.000011,200,0,254,0,0,0,2,0,0,0,100,0,0,0,0,0,0.008,0,0,0,0,0,2,0,0,0,7,7,5,8,4,4,5
0,0,0.000004,200,0,254,0,0,0,2,0,0,0,100,0,0,0,0,0,0.004,0,0,0,0,0,2,0,0,0,6,6,4,5,4,4,4
0,0,0.000004,200,0,254,0,0,0,2,0,0,0,100,0,0,0,0,0,0.011,0,0,0,0,0,2,0,0,0,6,6,4,5,4,4,4
0,0,0.000004,200,0,254,0,0,0,2,0,0,0,100,0,0,0,0,0,0.004,0,0,0,0,0,2,0,0,0,6,6,4,5,4,4,4
0,0,0.000004,200,0,254,0,0,0,2,0,0,0,100,0,0,0,0,0,0.011,0,0,0,0,0,2,0,0,0,6,6,4,5,4,4,4
0,0,0.000007,200,0,254,0,0,0,2,0,0,0,100,0,0,0,0,0,0.007,0,0,0,0,0,2,0,0,0,6,6,3,7,2,2,3
0,0,0.000007,200,0,254,0,0,0,2,0,0,0,100,0,0,0,0,0,0.007,0,0,0,0,0,2,0,0,0,6,6,3,7,2,2,3
0,0,0.000011,200,0,254,0,0,0,2,0,0,0,100,0,0,0,0,0,0.011,0,0,0,0,0,2,0,0,0,3,3,2,6,2,2,2
0,0,0.000011,200,0,254,0,0,0,2,0,0,0,100,0,0,0,0,0,0.011,0,0,0,0,0,2,0,0,0,3,3,2,6,2,2,2
0,0,0.000007,200,0,254,0,0,0,2,0,0,0,100,0,0,0,0,0,0.007,0,0,0,0,0,2,0,0,0,4,4,3,10,2,2,3
0,0,0.000007,200,0,254,0,0,0,2,0,0,0,100,0,0,0,0,0,0.007,0,0,0,0,0,2,0,0,0,4,4,3,10,2,2,3
0,0,0.00001,200,0,254,0,0,0,2,0,0,0,100,0,0,0,0,0,0.01,0,0,0,0,0,2,0,0,0,4,4,2,6,2,2,2
0,0,0.00001,200,0,254,0,0,0,2,0,0,0,100,0,0,0,0,0,0.01,0,0,0,0,0,2,0,0,0,4,4,2,6,2,2,2
0,0,0.00001,200,0,254,0,0,0,2,0,0,0,100,0,0,0,0,0,0.01,0,0,0,0,0,2,0,0,0,10,10,2,2,2,2,2
0,0,0.00001,200,0,254,0,0,0,2,0,0,0,100,0,0,0,0,0,0.01,0,0,0,0,0,2,0,0,0,10,10,2,2,2,2,2
0,0,0.000008,200,0,254,0,0,0,2,0,0,0,100,0,0,0,0,0,0.011,0,0,0,0,0,2,0,0,0,10,10,5,4,4,4,4
0,0,0.000008,200,0,254,0,0,0,2,0,0,0,100,0,0,0,0,0,0.011,0,0,0,0,0,2,0,0,0,10,10,5,4,4,4,4
0,0,0.000008,200,0,254,0,0,0,2,0,0,0,100,0,0,0,0,0,0.008,0,0,0,0,0,2,0,0,0,10,10,5,4,4,4,4
0,0,0.000008,200,0,254,0,0,0,2,0,0,0,100,0,0,0,0,0,0.008,0,0,0,0,0,2,0,0,0,10,10,5,4,4,4,4
0,0,0.000004,200,0,254,0,0,0,2,0,0,0,100,0,0,0,0,0,0.007,0,0,0,0,0,2,0,0,0,10,10,4,5,4,4,4
0,0,0.000004,200,0,254,0,0,0,2,0,0,0,100,0,0,0,0,0,0.004,0,0,0,0,0,2,0,0,0,10,10,4,5,4,4,4
0,0,0.000004,200,0,254,0,0,0,2,0,0,0,100,0,0,0,0,0,0.007,0,0,0,0,0,2,0,0,0,10,10,4,5,4,4,4
0,0,0.000004,200,0,254,0,0,0,2,0,0,0,100,0,0,0,0,0,0.004,0,0,0,0,0,2,0,0,0,10,10,4,5,4,4,4
0,0,0.000004,200,0,254,0,0,0,2,0,0,0,100,0,0,0,0,0,0.004,0,0,0,0,0,2,0,0,0,6,5,3,11,2,2,3
0,0,0.000004,200,0,254,0,0,0,2,0,0,0,100,0,0,0,0,0,0.004,0,0,0,0,0,2,0,0,0,6,5,3,11,2,2,3
0,0,0.00001,200,0,254,0,0,0,2,0,0,0,100,0,0,0,0,0,0.01,0,0,0,0,0,2,0,0,0,6,5,2,2,2,2,2
0,0,0.00001,200,0,254,0,0,0,2,0,0,0,100,0,0,0,0,0,0.01,0,0,0,0,0,2,0,0,0,6,5,2,2,2,2,2
0,0,0.000003,200,0,254,0,0,0,2,0,0,0,100,0,0,0,0,0,0.003,0,0,0,0,0,2,0,0,0,2,2,2,6,2,2,2
0,0,0.000003,200,0,254,0,0,0,2,0,0,0,100,0,0,0,0,0,0.003,0,0,0,0,0,2,0,0,0,2,2,2,6,2,2,2
0,0,0.000003,200,0,254,0,0,0,2,0,0,0,100,0,0,0,0,0,0.003,0,0,0,0,0,2,0,0,0,2,2,2,6,2,2,2
0,0,0.000003,200,0,254,0,0,0,2,0,0,0,100,0,0,0,0,0,0.003,0,0,0,0,0,2,0,0,0,2,2,2,6,2,2,2
0,0,0.00001,200,0,254,0,0,0,2,0,0,0,100,0,0,0,0,0,0.01,0,0,0,0,0,2,0,0,0,11,11,2,3,2,2,2
0,0,0.00001,200,0,254,0,0,0,2,0,0,0,100,0,0,0,0,0,0.01,0,0,0,0,0,2,0,0,0,11,11,2,3,2,2,2
0,0,0.000008,200,0,254,0,0,0,2,0,0,0,100,0,0,0,0,0,0.008,0,0,0,0,0,2,0,0,0,11,11,2,6,2,2,2
0,0,0.000008,200,0,254,0,0,0,2,0,0,0,100,0,0,0,0,0,0.008,0,0,0,0,0,2,0,0,0,11,11,2,6,2,2,2
0,0,0.00001,200,0,254,0,0,0,2,0,0,0,100,0,0,0,0,0,0.01,0,0,0,0,0,2,0,0,0,11,11,3,6,2,2,3
0,0,0.00001,200,0,254,0,0,0,2,0,0,0,100,0,0,0,0,0,0.01,0,0,0,0,0,2,0,0,0,11,11,3,6,2,2,3
0,0,0.00001,200,0,254,0,0,0,2,0,0,0,100,0,0,0,0,0,0.01,0,0,0,0,0,2,0,0,0,11,11,4,8,4,4,4
0,0,0.00001,200,0,254,0,0,0,2,0,0,0,100,0,0,0,0,0,0.01,0,0,0,0,0,2,0,0,0,11,11,4,8,4,4,4
0,0,0.00001,200,0,254,0,0,0,2,0,0,0,100,0,0,0,0,0,0.01,0,0,0,0,0,2,0,0,0,11,11,4,8,4,4,4
0,0,0.00001,200,0,254,0,0,0,2,0,0,0,100,0,0,0,0,0,0.01,0,0,0,0,0,2,0,0,0,11,11,4,8,4,4,4
0,0,0.00001,200,0,254,0,0,0,2,0,0,0,100,0,0,0,0,0,0.01,0,0,0,0,0,2,0,0,0,2,2,2,5,2,2,2
0,0,0.00001,200,0,254,0,0,0,2,0,0,0,100,0,0,0,0,0,0.01,0,0,0,0,0,2,0,0,0,2,2,2,5,2,2,2
54266,8080,0.330493,624,268,62,252,2,1,10,6,255,255,62,45,0,0,1711.594506,91.211633,32.752667,58.924801,0.094511,0.035858,0.058653,0,1,0,0,0,1,1,1,2,1,1,1
18795,19300,0.451412,880,268,254,252,2,1,10,6,255,255,88,45,0,0,2284.246923,115.360133,44.117556,81.140398,0.11492,0.045699,0.069221,0,1,0,0,0,4,4,2,9,1,1,2
5940,80,21.663305,11418,43274,254,252,21,21,36,46,255,255,317,941,0,0,45768.15888,0,618.951607,478.977029,0.173202,0.108576,0.064626,0,1,0,0,0,1,1,1,1,1,1,1
46866,1011,2.303548,472,650,254,252,2,2,10,10,255,255,47,65,0,0,17393.50472,605.24525,255.949778,243.676,0.231125,0.108571,0.122554,0,1,0,0,0,2,3,2,5,1,1,1
0,0,0.000004,152,0,254,0,0,0,2,0,0,0,76,0,0,0,0,0,0.004,0,0,0,0,0,2,0,0,0,3,2,2,2,2,2,2
0,0,0.000004,152,0,254,0,0,0,2,0,0,0,76,0,0,0,0,0,0.004,0,0,0,0,0,2,0,0,0,3,2,2,2,2,2,2
0,0,34.679878,18480,0,254,0,0,0,42,0,0,0,440,0,0,0,969.603875,0,845.85075,0,0,0,0,0,2,0,0,0,2,2,2,2,2,2,2
0,0,34.679878,18480,0,254,0,0,0,42,0,0,0,440,0,0,0,969.603875,0,845.85075,0,0,0,0,0,2,0,0,0,2,2,2,2,2,2,2
3536,23476,1.039685,600,490,254,252,3,2,12,10,255,255,50,49,0,0,5967.044955,134.171547,92.233548,100.425891,0.197896,0.135845,0.062051,0,1,0,0,0,3,2,2,2,1,1,2
0,0,25.090731,2184,0,254,0,0,0,42,0,0,0,52,0,0,0,713.159188,0,611.969125,0,0,0,0,0,2,0,0,0,2,2,2,2,2,2,2
0,0,25.090731,2184,0,254,0,0,0,42,0,0,0,52,0,0,0,713.159188,0,611.969125,0,0,0,0,0,2,0,0,0,2,2,2,2,2,2,2
14471,555,0.707859,364,442,254,252,1,2,8,8,255,255,46,55,0,0,6404.277901,173.669484,101.112145,95.844141,0.139573,0.03693,0.102643,0,1,0,0,0,3,1,1,2,1,1,1
4649,44305,0.747877,364,566,62,252,1,2,8,8,255,255,46,71,0,0,6012.86138,144.856594,99.270859,92.174,0.176929,0.102652,0.074277,0,1,0,0,0,8,1,2,4,1,1,1
0,0,6.948377,5248,0,254,0,0,0,82,0,0,0,64,0,0,0,117.579227,0,85.78243,0,0,0,0,0,2,0,0,0,2,2,2,6,2,2,2
0,0,6.948377,5248,0,254,0,0,0,82,0,0,0,64,0,0,0,117.579227,0,85.78243,0,0,0,0,0,2,0,0,0,2,2,2,6,2,2,2
23384,20001,0.552026,364,374,254,252,1,2,8,8,255,255,46,47,0,0,4668.684806,105.64468,78.750286,69.303859,0.110711,0.066888,0.043823,0,1,0,0,0,1,1,1,1,1,1,1
19526,1099,0.406838,364,554,254,252,1,2,8,8,255,255,46,69,0,0,3532.01241,78.922086,58.119717,56.429855,0.063715,0.01113,0.052585,0,1,0,0,0,2,1,1,1,1,1,1
53388,2140,0.208375,76,122,254,60,0,0,2,2,0,0,38,61,0,0,0,0,0.012,0.009,0,0,0,0,3,0,0,0,2,1,1,5,1,1,1
64768,10607,0.295772,549,398,254,252,3,2,12,8,255,255,46,50,0,0,1341.102232,54.066398,24.934181,39.526715,0.036974,0.019075,0.017899,0,1,0,0,0,1,1,1,1,1,1,1
8148,26274,0.050087,228,91,254,60,0,0,4,2,0,0,57,46,0,0,1.564356,0,1.116667,0.003,0,0,0,0,3,0,0,0,2,1,5,1,1,1,1
56509,80,0.341179,904,268,254,252,2,1,10,6,255,255,90,45,0,0,2422.894997,108.877703,37.161778,57.951398,0.096962,0.051416,0.045546,0,1,0,0,0,1,1,1,1,1,1,1
59842,5000,1.015088,462,530,254,252,2,3,10,10,255,255,46,53,0,0,6235.146795,128.83075,112.787556,100.277445,0.167414,0.083718,0.083696,0,1,0,0,0,2,2,1,3,1,1,1
57402,21554,0.71502,539,444,254,252,2,2,12,8,255,255,45,56,0,0,4036.616408,147.470797,65.001818,94.30843,0.10283,0.024016,0.078814,0,1,0,0,0,2,2,1,2,1,1,1
54748,31,0.35827,364,390,254,252,1,2,8,8,255,255,46,49,0,0,3813.633007,108.606398,51.181429,49.05343,0.025049,0.008298,0.016751,0,1,0,0,0,1,1,1,1,1,1,1
39802,8080,0.347974,854,268,62,252,2,1,10,6,255,255,85,45,0,0,1918.63822,90.103602,33.318556,64.829199,0.16068,0.023816,0.136864,0,1,0,0,0,2,1,1,1,1,1,1
38740,23968,0.536639,620,268,254,252,2,1,10,6,255,255,62,45,0,0,2827.207589,140.663187,54.099111,90.202203,0.164881,0.08562,0.079261,0,1,0,0,0,2,1,1,2,1,1,1
57610,80,0.643536,880,354,254,252,2,1,10,8,255,255,88,44,0,0,4260.128458,123.071367,67.832778,82.741859,0.138778,0.064339,0.074439,0,1,0,0,0,1,2,1,1,1,1,1
14365,6667,2.339673,668,850,254,252,3,3,12,12,255,255,56,71,0,0,13876.99331,337.714562,212.697548,202.989812,0.135139,0.071691,0.063448,0,1,0,0,0,2,3,1,2,1,1,1
0,0,59.055561,11968,0,254,0,0,0,44,0,0,0,272,0,0,0,1665.184375,0,1373.385125,0,0,0,0,0,2,0,0,0,7,2,2,2,2,2,2
0,0,59.055561,11968,0,254,0,0,0,44,0,0,0,272,0,0,0,1665.184375,0,1373.385125,0,0,0,0,0,2,0,0,0,7,2,2,2,2,2,2
44144,1013,0.588238,472,564,254,252,2,2,10,8,255,255,47,71,0,0,3302.440575,95.894172,65.359778,66.703859,0.178915,0.120586,0.058329,0,1,0,0,0,1,1,1,1,1,1,1
0,0,58.003418,29920,0,254,0,0,0,110,0,0,0,272,0,0,0,710.735188,0,547.563813,0,0,0,0,0,6,0,0,0,5,3,2,3,2,2,2
0,0,58.003418,29920,0,254,0,0,0,110,0,0,0,272,0,0,0,710.735188,0,547.563813,0,0,0,0,0,6,0,0,0,5,3,2,3,2,2,2
0,0,18.335655,11424,0,254,0,0,0,42,0,0,0,272,0,0,0,560.552812,0,486.06075,0,0,0,0,0,6,0,0,0,6,4,2,2,2,2,2
0,0,18.335655,11424,0,254,0,0,0,42,0,0,0,272,0,0,0,560.552812,0,486.06075,0,0,0,0,0,6,0,0,0,6,4,2,2,2,2,2
60527,80,0.424246,1056,268,254,252,2,1,10,6,255,255,106,45,0,0,2147.308806,97.700023,43.622222,72.436797,0.097016,0.062051,0.034965,0,1,0,0,0,1,2,1,5,1,1,1
64045,47262,0.111912,228,91,254,60,0,0,4,2,0,0,57,46,0,0,9.076423,0,6.422,0.003,0,0,0,0,3,0,0,0,6,2,1,2,1,1,1
22974,1012,1.000215,558,564,254,252,2,2,12,8,255,255,47,71,0,0,6051.212181,182.806422,90.928638,133.613859,0.130817,0.064341,0.066476,0,1,0,0,0,6,6,2,2,1,1,2
5945,45759,2.385713,6470,7536,254,252,11,11,28,26,255,255,231,290,0,0,4203.508267,112.833836,88.359743,91.450039,0.182978,0.098743,0.084235,0,1,0,0,0,9,1,1,3,1,1,1
59359,1014,0.312529,472,564,254,252,2,2,10,8,255,255,47,71,0,0,1836.793887,72.726648,34.725444,40.544715,0.044575,0.028095,0.01648,0,1,0,0,0,2,1,1,1,1,1,1
2137,80,0.688562,846,268,254,252,2,1,10,6,255,255,85,45,0,0,3749.757834,181.071687,70.981222,117.643398,0.228414,0.100337,0.128077,0,1,0,0,0,3,2,1,1,1,1,1
37794,9999,0.417329,468,3316,254,252,2,2,10,10,255,255,47,332,0,0,3139.223728,95.336773,46.369889,39.168445,0.093902,0.048429,0.045473,0,1,0,0,0,4,1,1,2,1,1,1
0,0,0.000007,200,0,254,0,0,0,2,0,0,0,100,0,0,0,0,0,0.007,0,0,0,0,0,2,0,0,0,6,6,2,3,2,2,2
0,0,0.000007,200,0,254,0,0,0,2,0,0,0,100,0,0,0,0,0,0.007,0,0,0,0,0,2,0,0,0,6,6,2,3,2,2,2
2125,25,2.210353,19871,1838,254,253,14,8,34,19,255,255,584,97,0,0,4051.4245,135.651641,63.297486,114.7225,0.226569,0.145345,0.081224,0,1,0,0,0,1,1,1,3,1,1,1
0,0,0.000004,200,0,254,0,0,0,2,0,0,0,100,0,0,0,0,0,0.004,0,0,0,0,0,2,0,0,0,10,9,2,2,2,2,2
0,0,0.000004,200,0,254,0,0,0,2,0,0,0,100,0,0,0,0,0,0.004,0,0,0,0,0,2,0,0,0,10,9,2,2,2,2,2
0,0,0.000004,200,0,254,0,0,0,2,0,0,0,100,0,0,0,0,0,0.004,0,0,0,0,0,2,0,0,0,10,9,2,6,2,2,2
0,0,0.000004,200,0,254,0,0,0,2,0,0,0,100,0,0,0,0,0,0.004,0,0,0,0,0,2,0,0,0,10,9,2,6,2,2,2
0,0,0.000007,200,0,254,0,0,0,2,0,0,0,100,0,0,0,0,0,0.007,0,0,0,0,0,2,0,0,0,10,9,2,6,2,2,2
0,0,0.000007,200,0,254,0,0,0,2,0,0,0,100,0,0,0,0,0,0.007,0,0,0,0,0,2,0,0,0,10,9,2,6,2,2,2
0,0,0.000007,200,0,254,0,0,0,2,0,0,0,100,0,0,0,0,0,0.007,0,0,0,0,0,2,0,0,0,10,9,3,7,2,2,3
0,0,0.000007,200,0,254,0,0,0,2,0,0,0,100,0,0,0,0,0,0.007,0,0,0,0,0,2,0,0,0,10,9,3,7,2,2,3
0,0,0.000003,200,0,254,0,0,0,2,0,0,0,100,0,0,0,0,0,0.003,0,0,0,0,0,2,0,0,0,7,7,2,6,2,2,2
0,0,0.000003,200,0,254,0,0,0,2,0,0,0,100,0,0,0,0,0,0.003,0,0,0,0,0,2,0,0,0,7,7,2,6,2,2,2
0,0,0.000011,200,0,254,0,0,0,2,0,0,0,100,0,0,0,0,0,0.011,0,0,0,0,0,2,0,0,0,7,7,5,8,4,4,5
0,0,0.000011,200,0,254,0,0,0,2,0,0,0,100,0,0,0,0,0,0.008,0,0,0,0,0,2,0,0,0,7,7,5,8,4,4,5
0,0,0.000011,200,0,254,0,0,0,2,0,0,0,100,0,0,0,0,0,0.011,0,0,0,0,0,2,0,0,0,7,7,5,8,4,4,5
0,0,0.000011,200,0,254,0,0,0,2,0,0,0,100,0,0,0,0,0,0.008,0,0,0,0,0,2,0,0,0,7,7,5,8,4,4,5
0,0,0.000004,200,0,254,0,0,0,2,0,0,0,100,0,0,0,0,0,0.004,0,0,0,0,0,2,0,0,0,6,6,4,5,4,4,4
0,0,0.000004,200,0,254,0,0,0,2,0,0,0,100,0,0,0,0,0,0.011,0,0,0,0,0,2,0,0,0,6,6,4,5,4,4,4
0,0,0.000004,200,0,254,0,0,0,2,0,0,0,100,0,0,0,0,0,0.004,0,0,0,0,0,2,0,0,0,6,6,4,5,4,4,4
0,0,0.000004,200,0,254,0,0,0,2,0,0,0,100,0,0,0,0,0,0.011,0,0,0,0,0,2,0,0,0,6,6,4,5,4,4,4
0,0,0.000007,200,0,254,0,0,0,2,0,0,0,100,0,0,0,0,0,0.007,0,0,0,0,0,2,0,0,0,6,6,3,7,2,2,3
0,0,0.000007,200,0,254,0,0,0,2,0,0,0,100,0,0,0,0,0,0.007,0,0,0,0,0,2,0,0,0,6,6,3,7,2,2,3
16681,80,0.439488,756,1190,62,252,2,2,10,8,255,255,76,149,0,0,2611.148547,96.93718,48.832,59.167,0.082257,0.024625,0.057632,0,1,0,0,0,2,1,1,4,1,1,1
0,0,0.000011,200,0,254,0,0,0,2,0,0,0,100,0,0,0,0,0,0.011,0,0,0,0,0,2,0,0,0,3,3,2,6,2,2,2
0,0,0.000011,200,0,254,0,0,0,2,0,0,0,100,0,0,0,0,0,0.011,0,0,0,0,0,2,0,0,0,3,3,2,6,2,2,2
0,0,0.000007,200,0,254,0,0,0,2,0,0,0,100,0,0,0,0,0,0.007,0,0,0,0,0,2,0,0,0,4,4,3,10,2,2,3
0,0,0.000007,200,0,254,0,0,0,2,0,0,0,100,0,0,0,0,0,0.007,0,0,0,0,0,2,0,0,0,4,4,3,10,2,2,3
0,0,0.00001,200,0,254,0,0,0,2,0,0,0,100,0,0,0,0,0,0.01,0,0,0,0,0,2,0,0,0,4,4,2,6,2,2,2
0,0,0.00001,200,0,254,0,0,0,2,0,0,0,100,0,0,0,0,0,0.01,0,0,0,0,0,2,0,0,0,4,4,2,6,2,2,2
0,0,0.00001,200,0,254,0,0,0,2,0,0,0,100,0,0,0,0,0,0.01,0,0,0,0,0,2,0,0,0,10,10,2,2,2,2,2
0,0,0.00001,200,0,254,0,0,0,2,0,0,0,100,0,0,0,0,0,0.01,0,0,0,0,0,2,0,0,0,10,10,2,2,2,2,2
0,0,0.000008,200,0,254,0,0,0,2,0,0,0,100,0,0,0,0,0,0.011,0,0,0,0,0,2,0,0,0,10,10,5,4,4,4,4
0,0,0.000008,200,0,254,0,0,0,2,0,0,0,100,0,0,0,0,0,0.011,0,0,0,0,0,2,0,0,0,10,10,5,4,4,4,4
0,0,0.000008,200,0,254,0,0,0,2,0,0,0,100,0,0,0,0,0,0.008,0,0,0,0,0,2,0,0,0,10,10,5,4,4,4,4
0,0,0.000008,200,0,254,0,0,0,2,0,0,0,100,0,0,0,0,0,0.008,0,0,0,0,0,2,0,0,0,10,10,5,4,4,4,4
0,0,0.000004,200,0,254,0,0,0,2,0,0,0,100,0,0,0,0,0,0.007,0,0,0,0,0,2,0,0,0,10,10,4,5,4,4,4
0,0,0.000004,200,0,254,0,0,0,2,0,0,0,100,0,0,0,0,0,0.004,0,0,0,0,0,2,0,0,0,10,10,4,5,4,4,4
0,0,0.000004,200,0,254,0,0,0,2,0,0,0,100,0,0,0,0,0,0.007,0,0,0,0,0,2,0,0,0,10,10,4,5,4,4,4
0,0,0.000004,200,0,254,0,0,0,2,0,0,0,100,0,0,0,0,0,0.004,0,0,0,0,0,2,0,0,0,10,10,4,5,4,4,4
0,0,0.000004,200,0,254,0,0,0,2,0,0,0,100,0,0,0,0,0,0.004,0,0,0,0,0,2,0,0,0,6,5,3,11,2,2,3
0,0,0.000004,200,0,254,0,0,0,2,0,0,0,100,0,0,0,0,0,0.004,0,0,0,0,0,2,0,0,0,6,5,3,11,2,2,3
0,0,0.00001,200,0,254,0,0,0,2,0,0,0,100,0,0,0,0,0,0.01,0,0,0,0,0,2,0,0,0,6,5,2,2,2,2,2
0,0,0.00001,200,0,254,0,0,0,2,0,0,0,100,0,0,0,0,0,0.01,0,0,0,0,0,2,0,0,0,6,5,2,2,2,2,2
0,0,0.000003,200,0,254,0,0,0,2,0,0,0,100,0,0,0,0,0,0.003,0,0,0,0,0,2,0,0,0,2,2,2,6,2,2,2
0,0,0.000003,200,0,254,0,0,0,2,0,0,0,100,0,0,0,0,0,0.003,0,0,0,0,0,2,0,0,0,2,2,2,6,2,2,2
0,0,0.000003,200,0,254,0,0,0,2,0,0,0,100,0,0,0,0,0,0.003,0,0,0,0,0,2,0,0,0,2,2,2,6,2,2,2
0,0,0.000003,200,0,254,0,0,0,2,0,0,0,100,0,0,0,0,0,0.003,0,0,0,0,0,2,0,0,0,2,2,2,6,2,2,2
0,0,0.00001,200,0,254,0,0,0,2,0,0,0,100,0,0,0,0,0,0.01,0,0,0,0,0,2,0,0,0,11,11,2,3,2,2,2
0,0,0.00001,200,0,254,0,0,0,2,0,0,0,100,0,0,0,0,0,0.01,0,0,0,0,0,2,0,0,0,11,11,2,3,2,2,2
0,0,0.000008,200,0,254,0,0,0,2,0,0,0,100,0,0,0,0,0,0.008,0,0,0,0,0,2,0,0,0,11,11,2,6,2,2,2
0,0,0.000008,200,0,254,0,0,0,2,0,0,0,100,0,0,0,0,0,0.008,0,0,0,0,0,2,0,0,0,11,11,2,6,2,2,2
0,0,0.00001,200,0,254,0,0,0,2,0,0,0,100,0,0,0,0,0,0.01,0,0,0,0,0,2,0,0,0,11,11,3,6,2,2,3
0,0,0.00001,200,0,254,0,0,0,2,0,0,0,100,0,0,0,0,0,0.01,0,0,0,0,0,2,0,0,0,11,11,3,6,2,2,3
0,0,0.00001,200,0,254,0,0,0,2,0,0,0,100,0,0,0,0,0,0.01,0,0,0,0,0,2,0,0,0,11,11,4,8,4,4,4
0,0,0.00001,200,0,254,0,0,0,2,0,0,0,100,0,0,0,0,0,0.01,0,0,0,0,0,2,0,0,0,11,11,4,8,4,4,4
0,0,0.00001,200,0,254,0,0,0,2,0,0,0,100,0,0,0,0,0,0.01,0,0,0,0,0,2,0,0,0,11,11,4,8,4,4,4
0,0,0.00001,200,0,254,0,0,0,2,0,0,0,100,0,0,0,0,0,0.01,0,0,0,0,0,2,0,0,0,11,11,4,8,4,4,4
0,0,0.00001,200,0,254,0,0,0,2,0,0,0,100,0,0,0,0,0,0.01,0,0,0,0,0,2,0,0,0,2,2,2,5,2,2,2
31103,25,2.786911,19631,1776,254,252,14,8,34,22,255,255,577,81,0,0,8502.468108,293.232844,84.451846,131.473234,0.060168,0.025405,0.034763,0,1,0,0,0,2,1,1,3,1,1,1
0,0,0.00001,200,0,254,0,0,0,2,0,0,0,100,0,0,0,0,0,0.01,0,0,0,0,0,2,0,0,0,2,2,2,5,2,2,2
29101,30888,1.142162,1460,354,254,252,2,1,10,8,255,255,146,44,0,0,7071.422905,272.82825,126.804,152.740281,0.129867,0.072973,0.056894,0,1,0,0,0,1,4,1,1,1,1,1
57019,4433,6.549377,15476,0,254,0,0,0,292,0,0,0,53,0,0,0,94.536156,0,22.506449,0,0,0,0,0,2,0,0,0,3,2,1,1,1,1,1
13496,80,0.713129,904,17506,62,252,2,7,12,18,255,255,75,973,0,0,3970.30834,3785.326424,64.829906,38.341176,0.108496,0.060661,0.047835,0,1,0,0,0,1,1,1,1,1,1,1
60235,80,0.500549,96,182,62,252,1,1,2,4,255,255,48,46,0,0,0,202.287453,0.004,143.042328,0.071418,0.071418,0,0,3,0,0,0,8,2,1,2,1,1,1
28377,80,0.498965,810,944,62,252,2,2,10,8,255,255,81,118,0,0,3005.329737,83.831289,55.440556,60.81243,0.110556,0.044076,0.06648,0,1,0,0,0,1,1,8,1,1,1,1
7106,80,0.935375,852,1116,62,252,2,2,10,8,255,255,85,140,0,0,5837.860848,228.138688,103.828556,124.18743,0.163077,0.066052,0.097025,0,1,0,0,0,1,1,1,2,1,1,1
4713,139,2.352673,3462,3118,254,252,10,10,26,24,255,255,133,130,0,0,4536.592026,131.273266,94.106917,97.219437,0.184963,0.106293,0.07867,0,1,0,0,0,1,6,2,1,1,1,1
36008,80,0.654855,1220,1860,62,252,3,3,12,10,255,255,102,186,0,0,2949.146464,100.029562,59.532274,62.179891,0.152579,0.080825,0.071754,0,1,0,0,0,1,2,2,1,1,1,1
0,0,9.63313,2688,0,254,0,0,0,42,0,0,0,64,0,0,0,267.166625,0,234.954391,0,0,0,0,0,2,0,0,0,2,2,2,2,2,2,2
0,0,9.63313,2688,0,254,0,0,0,42,0,0,0,64,0,0,0,267.166625,0,234.954391,0,0,0,0,0,2,0,0,0,2,2,2,2,2,2,2
0,0,9.63313,2688,0,254,0,0,0,42,0,0,0,64,0,0,0,267.166625,0,234.954391,0,0,0,0,0,2,0,0,0,2,2,2,2,2,2,2
0,0,9.63313,2688,0,254,0,0,0,42,0,0,0,64,0,0,0,267.166625,0,234.954391,0,0,0,0,0,2,0,0,0,2,2,2,2,2,2,2
0,0,9.63313,2688,0,254,0,0,0,42,0,0,0,64,0,0,0,267.166625,0,234.954391,0,0,0,0,0,2,0,0,0,2,2,2,2,2,2,2
0,0,9.63313,2688,0,254,0,0,0,42,0,0,0,64,0,0,0,267.166625,0,234.954391,0,0,0,0,0,2,0,0,0,2,2,2,2,2,2,2
0,0,9.63313,2688,0,254,0,0,0,42,0,0,0,64,0,0,0,267.166625,0,234.954391,0,0,0,0,0,2,0,0,0,2,2,2,2,2,2,2
0,0,9.63313,2688,0,254,0,0,0,42,0,0,0,64,0,0,0,267.166625,0,234.954391,0,0,0,0,0,2,0,0,0,2,2,2,2,2,2,2
0,0,9.63313,2688,0,254,0,0,0,42,0,0,0,64,0,0,0,267.166625,0,234.954391,0,0,0,0,0,2,0,0,0,2,2,2,2,2,2,2
0,0,9.63313,2688,0,254,0,0,0,42,0,0,0,64,0,0,0,267.166625,0,234.954391,0,0,0,0,0,2,0,0,0,2,2,2,2,2,2,2
0,0,9.63313,2688,0,254,0,0,0,42,0,0,0,64,0,0,0,267.166625,0,234.954391,0,0,0,0,0,2,0,0,0,2,2,2,2,2,2,2
0,0,9.63313,2688,0,254,0,0,0,42,0,0,0,64,0,0,0,267.166625,0,234.954391,0,0,0,0,0,2,0,0,0,2,2,2,2,2,2,2
0,0,9.63313,2688,0,254,0,0,0,42,0,0,0,64,0,0,0,267.166625,0,234.954391,0,0,0,0,0,2,0,0,0,2,2,2,2,2,2,2
0,0,9.63313,2688,0,254,0,0,0,42,0,0,0,64,0,0,0,267.166625,0,234.954391,0,0,0,0,0,2,0,0,0,2,2,2,2,2,2,2
13054,25,1.039677,19753,1854,254,252,14,8,34,22,255,255,581,84,0,0,1881.032959,51.935973,31.505363,46.291953,0.102672,0.06681,0.035862,0,1,0,0,0,1,1,1,8,1,1,1
21535,2000,0.633194,972,522,254,252,3,2,12,10,255,255,81,52,0,0,3696.308072,110.698969,54.696728,66.301,0.106819,0.036474,0.070345,0,1,0,0,0,2,1,1,3,1,1,1
19111,80,0.44353,822,2482,62,252,2,2,10,8,255,255,82,310,0,0,2774.217078,82.913711,49.281111,54.123715,0.132617,0.049625,0.082992,0,1,0,0,0,1,1,1,1,1,1,1
22528,80,0.521915,794,1316,62,252,2,2,10,8,255,255,79,165,0,0,3461.545604,98.184805,57.990556,63.70743,0.126637,0.062563,0.064074,0,1,0,0,0,1,1,1,1,1,1,1
45704,80,0.668301,842,268,254,252,2,1,10,6,255,255,84,45,0,0,3928.679497,197.154922,70.5,122.244602,0.138982,0.057056,0.081926,0,1,0,0,0,1,1,1,2,1,1,1
50402,80,1.006307,11524,1070,62,252,5,2,16,8,255,255,720,134,0,0,4862.189702,257.016172,67.087134,122.49357,0.156951,0.103322,0.053629,0,1,0,0,0,1,1,1,1,1,1,1
60475,5060,0.000013,1714,0,254,0,0,0,2,0,0,0,857,0,0,0,0,0,0.013,0,0,0,0,0,2,0,0,0,1,1,2,1,1,1,1
12371,43474,0.000011,82,0,254,0,0,0,2,0,0,0,41,0,0,0,0,0,0.011,0,0,0,0,0,2,0,0,0,1,1,1,2,1,1,1
5175,53,0.000007,268,0,254,0,0,0,2,0,0,0,134,0,0,0,0,0,0.007,0,0,0,0,0,2,0,0,0,8,1,1,2,1,1,1
33147,80,0.414479,784,950,62,252,2,2,10,8,255,255,78,119,0,0,2296.618781,77.02818,46.053222,52.773855,0.099761,0.044523,0.055238,0,1,0,0,0,1,1,1,1,1,1,1
57961,50000,0.348437,18910,354,254,252,8,1,22,8,255,255,860,44,0,0,1316.261532,77.535047,15.858571,45.612715,0.059338,0.029122,0.030216,0,1,0,0,0,2,1,1,1,1,1,1
32155,80,0.472133,922,902,62,252,2,2,10,8,255,255,92,113,0,0,2818.185934,107.450023,52.385111,63.293145,0.082239,0.029079,0.05316,0,1,0,0,0,1,1,2,1,1,1,1
55131,80,0.556871,840,1242,62,252,2,2,10,8,255,255,84,155,0,0,3369.925973,106.927828,61.806556,70.38757,0.140838,0.064151,0.076687,0,1,0,0,0,1,1,1,1,1,1,1
17332,80,0.59859,776,1060,62,252,2,2,10,8,255,255,78,133,0,0,3892.731819,128.933953,66.51,77.763,0.127766,0.053211,0.074555,0,1,0,0,0,2,2,6,2,2,2,2
17332,80,0.59859,776,1060,62,252,2,2,10,8,255,255,78,133,0,0,3892.731819,128.933953,66.51,77.763,0.127766,0.053211,0.074555,0,1,0,0,0,2,2,6,2,2,2,2
35060,143,1.88459,1362,69730,62,252,6,32,26,68,255,255,52,1025,0,0,3622.834736,2237.026511,75.344318,27.250687,0.16152,0.058785,0.102735,0,1,0,0,0,1,2,1,1,1,1,1
63849,80,0.582835,1218,268,254,252,2,1,10,6,255,255,122,45,0,0,3178.540415,155.967266,64.759444,100.632,0.142077,0.078785,0.063292,0,1,0,0,0,1,1,1,1,1,1,1
65270,80,0.609752,41436,440,254,252,16,1,38,10,255,255,1090,44,0,0,1420.134517,75.100141,15.532,57.005777,0.144591,0.096696,0.047895,0,1,0,0,0,1,1,1,1,1,1,1
10428,25,1.746739,4706,1246,254,252,7,6,20,16,255,255,235,78,0,0,5549.984581,143.093109,91.933628,106.884602,0.180513,0.116929,0.063584,0,1,0,0,0,1,1,1,5,1,1,1
10521,2148,0.722452,1380,268,254,252,2,1,10,6,255,255,138,45,0,0,4506.720171,230.050484,77.627222,131.729797,0.140526,0.063802,0.076724,0,1,0,0,0,3,1,1,1,1,1,1
62993,53,0.161893,112,284,62,252,0,0,2,2,0,0,56,142,0,0,0,0,0.011,0.008,0,0,0,0,3,0,0,0,2,2,1,1,1,1,1
63460,53,0.61976,504,580,62,252,2,2,10,8,255,255,50,73,0,0,3405.986214,137.931391,68.862222,69.71543,0.208862,0.071867,0.136995,0,1,0,0,0,2,2,1,1,1,1,1
5344,80,0.552313,764,1176,62,252,2,2,10,8,255,255,76,147,0,0,3361.783299,128.070719,61.368111,69.649711,0.088175,0.047226,0.040949,0,1,0,0,0,1,1,1,8,1,1,1
27323,25,1.374554,2304,1346,254,252,6,7,18,18,255,255,128,75,0,0,4326.507196,108.649758,80.856118,76.898,0.123301,0.066569,0.056732,0,1,0,0,0,1,1,2,2,1,1,2
42847,80,0.561546,802,1206,62,252,2,2,10,8,255,255,80,151,0,0,3731.648238,96.243625,58.613333,74.093141,0.090052,0.042884,0.047168,0,1,0,0,0,1,1,2,2,1,1,2
2005,80,2.621491,55398,440,254,252,27,1,48,10,255,255,1154,44,0,0,9761.878954,686.10125,54.415616,289.252219,0.091215,0.01821,0.073005,0,1,0,0,0,1,1,1,1,1,1,1
54789,500,0.000002,136,0,254,0,0,0,2,0,0,0,68,0,0,0,0,0,0.002,0,0,0,0,0,2,0,0,0,3,1,1,2,1,1,1
7017,25,1.950575,2997,1734,62,252,8,8,22,20,255,255,136,87,0,0,4463.637309,113.007945,92.884523,99.957477,0.112056,0.051124,0.060932,0,1,0,0,0,1,1,2,1,1,1,1
5062,500,0.000003,136,0,254,0,0,0,2,0,0,0,68,0,0,0,0,0,0.003,0,0,0,0,0,2,0,0,0,4,2,2,1,1,1,1
9213,389,1.310432,2692,466,254,252,3,2,12,8,255,255,224,58,0,0,6168.556266,284.783313,114.838912,177.463,0.243793,0.06818,0.175613,0,1,0,0,0,1,2,1,1,1,1,1
26006,80,23.159576,2582793,12738,254,252,967,1,1940,296,255,255,1331,43,0,0,1455.79263,95.120281,11.886327,78.490062,0.161488,0.083502,0.077986,0,1,0,0,0,1,1,1,1,1,1,1
0,0,0.000004,152,0,254,0,0,0,2,0,0,0,76,0,0,0,0,0,0.004,0,0,0,0,0,2,0,0,0,3,2,2,2,2,2,2
0,0,0.000004,152,0,254,0,0,0,2,0,0,0,76,0,0,0,0,0,0.004,0,0,0,0,0,2,0,0,0,3,2,2,2,2,2,2
10003,1900,0.832463,250,1136,254,60,0,0,2,2,0,0,125,568,0,0,0,0,0.004,0.011,0,0,0,0,3,0,0,0,6,1,1,2,1,1,1
28003,80,0.948346,798,1082,254,252,2,2,10,10,255,255,80,108,0,0,6364.668101,157.497281,105.371778,97.295219,0.177239,0.071939,0.1053,0,1,0,0,0,1,2,2,4,1,1,2
20790,25,2.195166,4826,1732,254,252,8,8,22,20,255,255,219,87,0,0,7462.505477,201.917875,104.531717,112.043633,0.098044,0.065824,0.03222,0,1,0,0,0,3,2,2,2,1,1,1
49493,80,0.86462,788,7586,62,252,2,4,10,14,255,255,79,542,0,0,6553.75403,0,96.068889,61.617997,0.143774,0.062997,0.080777,0,1,0,0,0,1,1,5,8,1,1,5
39122,25,2.304141,20305,1970,62,252,14,8,34,24,255,255,597,82,0,0,4889.502278,129.589609,69.818725,96.628563,0.145088,0.081674,0.063414,0,1,0,0,0,3,2,1,8,2,1,1
0,0,34.679878,18480,0,254,0,0,0,42,0,0,0,440,0,0,0,969.603875,0,845.85075,0,0,0,0,0,2,0,0,0,2,2,2,2,2,2,2
0,0,34.679878,18480,0,254,0,0,0,42,0,0,0,440,0,0,0,969.603875,0,845.85075,0,0,0,0,0,2,0,0,0,2,2,2,2,2,2,2
0,0,34.679878,18480,0,254,0,0,0,42,0,0,0,440,0,0,0,969.603875,0,845.85075,0,0,0,0,0,2,0,0,0,2,2,2,2,2,2,2
0,0,34.679878,18480,0,254,0,0,0,42,0,0,0,440,0,0,0,969.603875,0,845.85075,0,0,0,0,0,2,0,0,0,2,2,2,2,2,2,2
52845,80,0.719881,842,268,254,252,2,1,10,6,255,255,84,45,0,0,4090.802067,207.882984,75.741778,126.492,0.188373,0.087419,0.100954,0,1,0,0,0,1,2,1,1,1,1,1
2327,80,0.462179,800,7480,62,252,2,4,10,12,255,255,80,623,0,0,2817.57395,2403.558389,51.353222,32.012089,0.139133,0.085832,0.053301,0,1,0,0,0,3,1,1,3,3,1,1
64415,80,7.638595,840061,4396,254,252,310,1,626,102,255,255,1342,43,0,0,1436.753367,89.911992,12.15696,74.699844,0.174347,0.093909,0.080438,0,1,0,0,0,1,1,1,4,1,1,1
23098,5555,0.644085,1910,354,254,252,2,1,10,8,255,255,191,44,0,0,4183.362921,137.596359,71.451556,77.440859,0.124998,0.101988,0.02301,0,1,0,0,0,1,1,1,1,1,1,1
25496,6014,0.643158,455,354,254,252,2,1,10,8,255,255,46,44,0,0,4601.196569,129.386664,67.361444,85.865859,0.11436,0.042086,0.072274,0,1,0,0,0,6,1,1,3,1,1,1
36944,139,1.885907,3470,2178,254,252,7,6,20,18,255,255,174,121,0,0,5579.596105,153.451828,97.451056,106.796414,0.121355,0.070364,0.050991,0,1,0,0,0,7,4,2,5,2,2,2
36944,139,1.885907,3470,2178,254,252,7,6,20,18,255,255,174,121,0,0,5579.596105,153.451828,97.451056,106.796414,0.121355,0.070364,0.050991,0,1,0,0,0,7,4,2,5,2,2,2
47829,5600,0.81922,1708,354,254,252,2,1,10,8,255,255,171,44,0,0,5590.714825,172.056109,91.024444,107.74343,0.183905,0.064284,0.119621,0,1,0,0,0,2,1,5,1,1,1,1
34763,21,0.965997,586,5606,62,252,3,5,12,14,255,255,49,400,0,0,4435.588319,3886.126547,87.817908,66.458464,0.186434,0.080324,0.10611,0,1,0,0,0,1,1,1,3,1,1,1
6550,80,0.896692,784,1204,62,252,2,2,10,8,255,255,78,151,0,0,5254.133708,234.668547,99.632444,112.482711,0.152944,0.077506,0.075438,0,1,0,0,0,1,1,1,4,1,1,1
5296,25,2.383657,8157,1818,254,252,10,8,26,22,255,255,314,83,0,0,5805.725251,156.661641,95.294643,109.100953,0.131401,0.09253,0.038871,0,1,0,0,0,1,1,1,1,1,1,1
62663,80,1.018192,1216,99998,62,252,2,38,20,80,255,255,61,1250,0,0,3074.377413,1549.323717,53.589053,12.097,0.106704,0.042294,0.06441,0,1,0,0,0,1,1,2,2,1,1,2
464,464,0.000011,91,0,254,0,0,0,2,0,0,0,46,0,0,0,0,0,0.011,0,0,0,0,0,2,0,0,0,5,1,1,3,1,1,1
0,0,0.000002,86,0,254,0,0,0,2,0,0,0,43,0,0,0,0,0,0.002,0,0,0,0,0,2,0,0,0,10,2,6,5,2,2,2
0,0,0.000002,86,0,254,0,0,0,2,0,0,0,43,0,0,0,0,0,0.002,0,0,0,0,0,2,0,0,0,10,2,6,5,2,2,2
0,0,0.000002,86,0,254,0,0,0,2,0,0,0,43,0,0,0,0,0,0.002,0,0,0,0,0,2,0,0,0,10,2,6,5,2,2,2
0,0,0.000002,86,0,254,0,0,0,2,0,0,0,43,0,0,0,0,0,0.002,0,0,0,0,0,2,0,0,0,10,2,6,5,2,2,2
0,0,0.000002,86,0,254,0,0,0,2,0,0,0,43,0,0,0,0,0,0.002,0,0,0,0,0,2,0,0,0,10,2,6,5,2,2,2
0,0,0.000002,86,0,254,0,0,0,2,0,0,0,43,0,0,0,0,0,0.002,0,0,0,0,0,2,0,0,0,10,2,6,5,2,2,2
30399,25,1.715516,3088,1846,254,252,7,8,20,20,255,255,154,92,0,0,4839.498796,111.510211,90.290314,87.229898,0.12656,0.057441,0.069119,0,1,0,0,0,1,1,1,1,1,1,1
31006,5060,59.823212,100480,121106,254,60,0,0,154,152,0,0,652,797,0,0,455.683781,464.602875,391.001375,392.574781,0,0,0,0,3,0,0,0,3,3,3,3,3,3,3
31006,5060,59.823212,100480,121106,254,60,0,0,154,152,0,0,652,797,0,0,455.683781,464.602875,391.001375,392.574781,0,0,0,0,3,0,0,0,3,3,3,3,3,3,3
31006,5060,59.823212,100480,121106,254,60,0,0,154,152,0,0,652,797,0,0,455.683781,464.602875,391.001375,392.574781,0,0,0,0,3,0,0,0,3,3,3,3,3,3,3
49004,80,1.307732,826,956,62,252,2,2,10,8,255,255,83,120,0,0,8985.10792,340.59375,145.302444,176.199281,0.150959,0.074331,0.076628,0,1,0,0,0,1,1,1,1,1,1,1
30962,80,0.724241,796,4258,62,252,2,3,10,12,255,255,80,355,1,1631,5174.759156,4096.176369,80.471222,57.560091,0.196847,0.090531,0.106316,0,1,1,0,0,2,1,1,3,1,1,1
14796,80,1.937227,822,354,254,252,2,1,10,8,255,255,82,44,0,0,14695.93203,376.120156,213.862,239.194281,0.30696,0.262865,0.044095,0,1,0,0,0,1,1,1,2,1,1,1
0,0,25.090731,2184,0,254,0,0,0,42,0,0,0,52,0,0,0,713.159188,0,611.969125,0,0,0,0,0,2,0,0,0,2,2,2,2,2,2,2
0,0,25.090731,2184,0,254,0,0,0,42,0,0,0,52,0,0,0,713.159188,0,611.969125,0,0,0,0,0,2,0,0,0,2,2,2,2,2,2,2
14685,53,0.000007,166,0,254,0,0,0,2,0,0,0,83,0,0,0,0,0,0.007,0,0,0,0,0,2,0,0,0,1,4,1,1,1,1,1
22864,80,0.613407,812,894,62,252,2,2,10,8,255,255,81,112,1,34,3771.548425,137.846453,68.156333,76.48243,0.151132,0.077261,0.073871,0,1,1,0,0,1,1,1,1,1,1,1
48130,25,2.450457,4453,1708,254,252,9,8,24,20,255,255,186,85,0,0,6790.032872,195.484984,106.541612,121.200156,0.221007,0.115867,0.10514,0,1,0,0,0,1,1,1,1,1,1,1
31006,5060,57.065807,95286,117906,254,60,0,0,146,148,0,0,653,797,0,0,474.380281,459.429531,391.913531,390.062531,0,0,0,0,3,0,0,0,2,2,2,2,2,2,2
31006,5060,57.065807,95286,117906,254,60,0,0,146,148,0,0,653,797,0,0,474.380281,459.429531,391.913531,390.062531,0,0,0,0,3,0,0,0,2,2,2,2,2,2,2
31006,5060,57.065807,95286,117906,254,60,0,0,146,148,0,0,653,797,0,0,474.380281,459.429531,391.913531,390.062531,0,0,0,0,3,0,0,0,1,1,1,1,1,1,1
34203,80,1.004137,854,2056,62,252,2,2,10,10,255,255,85,206,1,573,6839.817427,148.612141,111.570778,93.891336,0.13002,0.077538,0.052482,0,1,1,0,0,1,1,1,2,1,1,1
22917,80,1.206275,1282,268,62,252,2,1,10,6,255,255,128,45,0,0,8099.118766,386.312469,134.030556,208.292797,0.179595,0.112085,0.06751,0,1,0,0,0,1,1,1,1,1,1,1
61322,80,0.483819,826,2772,62,252,2,2,10,8,255,255,83,347,1,969,2700.294058,76.414961,53.757667,56.036285,0.106274,0.057758,0.048516,0,1,1,0,0,1,2,4,2,1,1,1
1872,445,1.083125,1152,1364,254,252,3,3,12,10,255,255,96,136,0,0,5189.772991,153.659391,98.465908,110.589109,0.221283,0.087139,0.134144,0,1,0,0,0,4,7,1,1,1,1,1
0,0,22.635181,12832,0,254,0,0,0,28,0,0,0,458,0,0,0,967.26,0,838.34,0,0,0,0,0,2,0,0,0,2,2,2,2,2,2,2
0,0,22.635181,12832,0,254,0,0,0,28,0,0,0,458,0,0,0,967.26,0,838.34,0,0,0,0,0,2,0,0,0,2,2,2,2,2,2,2
47732,88,0.000019,510,0,254,0,0,0,2,0,0,0,255,0,0,0,0,0,0.019,0,0,0,0,0,2,0,0,0,1,1,1,1,1,1,1
52997,88,0.000009,578,0,254,0,0,0,2,0,0,0,289,0,0,0,0,0,0.009,0,0,0,0,0,2,0,0,0,1,1,1,1,1,1,1
40880,25,2.569394,19713,1946,254,252,14,8,34,24,255,255,580,81,0,0,5196.139805,155.279625,77.860425,109.072047,0.107498,0.059723,0.047775,0,1,0,0,0,1,1,1,1,1,1,1
30174,110,3.514813,1310,40628,62,252,7,21,28,46,255,255,47,883,0,0,10630.2417,7686.135905,130.178265,75.128467,0.182771,0.114659,0.068112,0,1,0,0,0,1,1,2,1,1,1,1
7556,80,0.988017,830,1298,62,252,2,2,10,10,255,255,83,130,1,185,6599.758548,143.100234,109.779667,97.852555,0.188391,0.106633,0.081758,0,1,1,0,0,1,1,2,2,1,1,1
60247,8080,1.699103,862,1108,62,252,2,2,10,8,255,255,86,139,0,0,12684.47044,473.418875,188.789222,220.873141,0.225122,0.15146,0.073662,0,1,0,0,0,1,1,1,1,1,1,1
50600,80,0.726271,718,1046,62,252,2,2,8,6,255,255,90,174,1,161,5351.65322,205.834094,103.753,132.754203,0.135724,0.061742,0.073982,0,3,1,0,0,1,1,2,2,1,1,2
2629,80,7.853887,1770,31828,254,252,6,12,16,28,255,255,111,1137,1,0,40881.01424,46130.13732,523.59245,287.503303,0.153384,0.06113,0.092254,0,1,1,0,0,1,2,2,4,1,1,1
5778,5555,1.072006,528,268,254,252,2,1,10,6,255,255,53,45,0,0,6533.103504,302.90375,96.471111,202.995203,0.086004,0.05702,0.028984,0,1,0,0,0,1,2,1,5,1,1,1
4656,80,5.376663,4678,709591,62,252,1,242,100,549,255,255,47,1293,0,0,70.008156,1253.221257,53.215273,9.74683,0,0,0,0,1,0,0,0,8,1,1,3,1,1,1
47382,2001,0.44312,798,268,254,252,2,1,10,6,255,255,80,45,0,0,2502.073019,138.889078,46.388778,79.745203,0.117666,0.044384,0.073282,0,1,0,0,0,1,1,1,1,1,1,1
60341,80,0.582028,11242,354,254,252,5,1,16,8,255,255,703,44,1,0,3141.44155,110.612258,38.736334,71.226711,0.129469,0.08343,0.046039,0,1,1,0,0,1,1,1,2,1,1,1
50914,8300,1.052613,1032,354,254,252,2,1,10,8,255,255,103,44,0,0,6731.589414,249.526906,116.957,144.258281,0.102618,0.042103,0.060515,0,1,0,0,0,2,1,1,1,1,1,1
34615,67,0.000012,1152,0,62,0,0,0,2,0,0,0,576,0,0,0,0,0,0.012,0,0,0,0,0,2,0,0,0,1,1,1,1,1,1,1
59005,80,0.771972,3142,268,254,252,2,1,10,6,255,255,314,45,1,0,5031.839701,254.387438,84.125111,143.753203,0.105865,0.053202,0.052663,0,1,1,0,0,5,1,1,5,4,1,1
29701,80,1.290149,1454,156043,62,252,2,59,26,122,255,255,56,1279,0,0,2618.80173,1330.651202,51.605961,9.730975,0.175916,0.075495,0.100421,0,1,0,0,0,1,2,1,1,1,1,1
17332,80,0.411788,840,1394,62,252,2,2,10,8,255,255,84,174,0,0,2341.158848,78.561906,45.754222,53.792285,0.059164,0.034117,0.025047,0,1,0,0,0,1,1,4,1,1,1,1
17332,80,0.411788,840,1394,62,252,2,2,10,8,255,255,84,174,0,0,2341.158848,78.561906,45.754222,53.792285,0.059164,0.034117,0.025047,0,1,0,0,0,1,1,5,1,1,1,1
18241,80,0.284713,1114,268,254,252,2,1,10,6,255,255,111,45,1,0,1608.935738,72.459953,30.224333,46.569,0.105994,0.051864,0.05413,0,1,1,0,0,1,1,1,1,1,1,1
0,0,0.213898,536,440,254,60,0,0,4,2,0,0,134,220,0,0,100.821172,0,71.299336,0.006,0,0,0,0,3,0,0,0,3,2,2,3,2,2,2
0,0,0.213898,536,440,254,60,0,0,4,2,0,0,134,220,0,0,100.821172,0,71.299336,0.006,0,0,0,0,3,0,0,0,3,2,2,3,2,2,2
0,0,6.948377,5248,0,254,0,0,0,82,0,0,0,64,0,0,0,117.579227,0,85.78243,0,0,0,0,0,2,0,0,0,2,2,2,6,2,2,2
0,0,6.948377,5248,0,254,0,0,0,82,0,0,0,64,0,0,0,117.579227,0,85.78243,0,0,0,0,0,2,0,0,0,2,2,2,6,2,2,2
27549,21,0.919512,1458,888,254,252,4,4,14,12,255,255,104,74,0,0,3929.414471,108.71468,69.365151,80.098547,0.069532,0.038426,0.031106,0,1,0,0,0,1,1,1,1,1,1,1
28096,80,0.394501,790,926,62,252,2,2,10,8,255,255,79,116,0,0,2260.066838,89.406945,43.833444,50.713855,0.097179,0.035655,0.061524,0,1,0,0,0,1,1,1,4,1,1,1
32438,80,0.364635,828,1676,62,252,2,2,10,8,255,255,83,210,1,418,2062.550211,67.78332,40.515,43.291715,0.084553,0.060953,0.0236,0,1,1,0,0,1,1,1,4,1,1,1
55441,25,6.839677,459268,4086,62,252,179,8,364,74,255,255,1262,55,0,0,1984.818042,107.157172,18.839019,92.902547,0.123687,0.057781,0.065906,0,1,0,0,0,1,1,4,1,1,1,1
3344,80,0.223536,822,2466,62,252,2,2,10,8,255,255,82,308,0,0,1238.274878,43.380074,24.837333,26.591143,0.078674,0.036777,0.041897,0,1,0,0,0,2,1,1,1,1,1,1
29823,8080,0.183187,4158,268,254,252,3,1,12,6,255,255,347,45,0,0,879.66974,49.487898,14.751273,33.012,0.054747,0.018117,0.03663,0,1,0,0,0,1,1,1,1,1,1,1
62535,51178,0.359698,616,268,254,252,2,1,10,6,255,255,62,45,0,0,2264.71475,117.244563,38.764778,64.587,0.098152,0.036759,0.061393,0,1,0,0,0,1,1,1,1,1,1,1
62905,80,0.32165,806,5056,62,252,2,3,10,10,255,255,81,506,1,2084,1746.697672,2053.161602,35.738889,28.037556,0.088484,0.036416,0.052068,0,1,1,0,0,1,1,1,1,1,1,1
7998,25,1.655273,4901,1782,62,252,9,8,24,20,255,255,204,89,0,0,3905.721193,96.63493,71.930304,84.281,0.083789,0.053931,0.029858,0,1,0,0,0,1,1,1,5,1,1,1
61457,80,0.785634,826,1306,62,252,2,2,10,8,255,255,83,163,1,229,5057.504183,191.303531,87.292667,107.503711,0.063751,0.032409,0.031342,0,1,1,0,0,1,2,2,1,1,1,1
53490,37022,0.027752,158,0,254,0,0,0,3,0,0,0,53,0,0,0,0,0,0.011,0,0,0,0,0,2,0,0,0,4,2,2,3,1,1,2
0,0,0,24,0,254,0,0,0,1,0,0,0,24,0,0,0,0,0,0,0,0,0,0,0,2,0,0,0,4,2,2,3,1,1,2
0,0,0,24,0,254,0,0,0,1,0,0,0,24,0,0,0,0,0,0,0,0,0,0,0,2,0,0,0,4,2,2,3,1,1,2
55559,445,0.434596,648,268,254,252,2,1,10,6,255,255,65,45,0,0,2559.872955,82.374625,48.186111,56.838199,0.196322,0.150401,0.045921,0,1,0,0,0,6,1,1,1,1,1,1
45614,80,0.334204,804,1348,254,252,2,2,10,8,255,255,80,169,1,254,1953.993126,54.013945,37.133778,42.878,0.051448,0.033503,0.017945,0,1,1,0,0,1,1,1,1,1,1,1
24326,3128,0.351144,644,268,62,252,2,1,10,6,255,255,64,45,1,0,3020.00362,129.21307,38.288444,68.358602,0.041632,0.00934,0.032292,0,1,1,0,0,1,1,2,2,1,1,2
50847,2000,0.223307,584,268,254,252,2,1,10,6,255,255,58,45,0,0,1151.83388,62.193172,23.288333,42.099,0.050997,0.012798,0.038199,0,1,0,0,0,1,1,1,1,1,1,1
59322,80,0.346624,802,1106,62,252,2,2,10,8,255,255,80,138,1,127,1911.772392,57.275902,38.513778,40.079145,0.093201,0.045712,0.047489,0,1,1,0,0,1,2,1,1,1,1,1
23952,21,0.548088,1740,268,254,252,2,1,10,6,255,255,174,45,0,0,2958.307224,131.852406,56.419333,94.741602,0.157348,0.074369,0.082979,0,1,0,0,0,1,1,1,2,1,1,1
3273,80,4.437746,3454,537387,62,252,2,205,70,414,255,255,49,1298,1,260116,3052.296046,1232.529176,64.315161,10.615579,0.09174,0.048961,0.042779,0,1,1,0,0,1,1,1,4,1,1,1
42641,80,0.472479,794,4082,62,252,2,3,10,10,255,255,79,408,0,0,2609.28152,3008.256845,52.497667,46.150222,0.143368,0.056469,0.086899,0,1,0,0,0,4,1,1,2,1,1,1
57560,25,0.85227,2342,1096,62,252,6,6,18,16,255,255,130,69,0,0,2665.04149,77.435977,50.133529,53.860668,0.066976,0.025276,0.0417,0,1,0,0,0,1,1,1,1,1,1,1
15357,445,0.356273,1120,690,254,252,3,2,12,8,255,255,93,86,0,0,1608.254623,66.719617,30.458729,49.11357,0.060675,0.012473,0.048202,0,1,0,0,0,2,1,1,1,1,1,1
14115,80,0.334474,798,1218,62,252,2,2,10,8,255,255,80,152,0,0,1816.225064,62.032711,37.163778,43.581855,0.082164,0.028779,0.053385,0,1,0,0,0,2,1,1,5,1,1,1
29028,80,0.224308,812,1222,62,252,2,2,10,8,255,255,81,153,0,0,1335.281247,43.021395,24.923111,26.971285,0.025544,0.017076,0.008468,0,1,0,0,0,2,1,1,1,1,1,1
123,123,0.000012,75,0,254,0,0,0,2,0,0,0,38,0,0,0,0,0,0.012,0,0,0,0,0,2,0,0,0,1,1,1,3,1,1,1
0,0,0.000013,2632,0,254,0,0,0,2,0,0,0,1316,0,0,0,0,0,0.013,0,0,0,0,0,2,0,0,0,1,2,1,1,1,1,1
0,0,0.000013,2632,0,254,0,0,0,2,0,0,0,1316,0,0,0,0,0,0.013,0,0,0,0,0,2,0,0,0,1,2,1,1,1,1,1
52425,88,0.485825,7940,354,254,252,4,1,14,8,255,255,567,44,0,0,2610.049928,97.451031,32.467615,62.03357,0.102995,0.051578,0.051417,0,1,0,0,0,2,1,1,8,1,1,1
11325,445,0.547781,3354,268,254,252,2,1,10,6,255,255,335,45,0,0,3584.935785,189.193578,60.864556,99.419398,0.109056,0.050072,0.058984,0,1,0,0,0,1,1,1,1,1,1,1
11167,21,0.460486,714,642,254,252,3,3,12,10,255,255,60,64,0,0,2213.795473,60.014766,38.972544,48.938668,0.064491,0.020019,0.044472,0,1,0,0,0,2,1,1,1,1,1,1
1161,25,1.6052,21307,2116,254,252,14,8,34,26,255,255,627,81,0,0,3663.703914,108.238859,48.642425,63.003801,0.032912,0.023657,0.009255,0,1,0,0,0,1,1,1,1,1,1,1
58035,1024,0.183876,586,268,254,252,2,1,10,6,255,255,59,45,0,0,1153.268887,41.943949,19.251333,27.444,0.099669,0.046646,0.053023,0,1,0,0,0,2,2,1,1,1,1,1
26117,80,0.470614,918,1374,62,252,2,2,10,8,255,255,92,172,0,0,2811.497584,117.238219,52.290444,61.77943,0.102499,0.037429,0.06507,0,1,0,0,0,2,15,4,3,1,1,1
21596,80,0.397814,3940,268,254,252,3,1,12,6,255,255,328,45,0,0,2507.811345,127.295563,35.359091,71.495797,0.07858,0.040325,0.038255,0,1,0,0,0,2,1,1,1,1,1,1
13248,80,0.532198,804,1268,62,252,2,2,10,8,255,255,80,159,0,0,3234.896355,121.988727,59.133111,73.619711,0.06522,0.01612,0.0491,0,1,0,0,0,1,1,1,5,1,1,1
20647,80,0.599865,848,1352,62,252,2,2,10,10,255,255,85,135,0,0,4389.03994,122.207281,66.651667,63.223891,0.05053,0.030271,0.020259,0,1,0,0,0,2,1,1,1,1,1,1
48799,80,0.49735,874,2066,62,252,2,2,10,8,255,255,87,258,0,0,2897.260865,103.441281,55.261111,54.561,0.190452,0.102496,0.087956,0,1,0,0,0,1,1,1,1,1,1,1
2894,25,0.665557,9775,1736,254,252,10,8,26,20,255,255,376,87,0,0,1429.757228,40.130879,26.62228,34.081684,0.046693,0.017133,0.02956,0,1,0,0,0,2,1,1,1,1,1,1
23271,39205,0.382823,928,268,254,252,2,1,10,6,255,255,93,45,0,0,3279.938469,133.436375,42.274222,71.386398,0.034607,0.025887,0.00872,0,1,0,0,0,2,2,1,1,1,1,1
35562,8080,0.27437,11142,268,254,252,5,1,16,6,255,255,696,45,0,0,1153.348335,67.646148,18.291333,50.28,0.045923,0.022155,0.023768,0,1,0,0,0,2,2,1,1,1,1,1
46942,53,0.000011,116,0,62,0,0,0,2,0,0,0,58,0,0,0,0,0,0.011,0,0,0,0,0,2,0,0,0,3,2,2,2,2,1,2
62296,53,0.226127,508,7924,62,252,2,4,10,12,255,255,51,660,0,0,1339.015587,1531.495051,25.125222,18.58109,0.032316,0.006604,0.025712,0,1,0,0,0,3,2,2,2,2,1,2
44432,4569,0.204164,362,178,254,60,0,0,8,4,0,0,45,45,0,0,44.452406,60.280617,29.166285,42.627332,0,0,0,0,3,0,0,0,2,1,1,1,1,1,1
63792,69,0.00001,112,0,254,0,0,0,2,0,0,0,56,0,0,0,0,0,0.01,0,0,0,0,0,2,0,0,0,1,1,1,1,1,1,1
57032,554,0.41002,886,354,254,252,1,1,9,8,255,255,98,44,0,0,92.282523,105.419672,51.2525,50.342855,0.10273,0.051067,0.051663,0,1,0,0,0,2,1,1,8,1,1,1
48978,6905,0.000011,1850,0,254,0,0,0,2,0,0,0,925,0,0,0,0,0,0.011,0,0,0,0,0,2,0,0,0,1,1,1,1,1,1,1
12823,161,0.000004,86,0,254,0,0,0,2,0,0,0,43,0,0,0,0,0,0.004,0,0,0,0,0,2,0,0,0,2,2,1,1,1,1,1
9430,25,1.529987,26390,1410,62,252,14,6,36,20,255,255,733,71,0,0,3384.885724,113.021883,43.015684,77.722313,0.075666,0.053257,0.022409,0,1,0,0,0,2,1,4,1,1,1,1
39762,25,1.72105,223870,2874,62,252,81,8,190,48,255,255,1178,60,0,0,1030.98607,46.730707,9.100688,36.152598,0.043539,0.021874,0.021665,0,1,0,0,0,2,1,1,2,1,1,1
37932,25,55.083427,11631181,58598,62,252,4206,8,8669,1340,255,255,1342,44,0,0,842.371466,57.083824,6.354787,41.132578,0.051241,0.006168,0.045073,0,1,0,0,0,1,1,1,1,1,1,1
50932,80,0.193193,21864,354,254,252,9,1,24,8,255,255,911,44,0,0,709.997918,46.682789,7.840826,25.631428,0.037399,0.013769,0.02363,0,1,0,0,0,2,1,1,1,1,1,1
42938,5002,0.524674,1596,268,254,252,2,1,10,6,255,255,160,45,0,0,3089.755347,135.310625,56.644889,81.544398,0.211032,0.116941,0.094091,0,1,0,0,0,4,3,2,1,1,1,1
23411,162,0.000011,136,0,254,0,0,0,2,0,0,0,68,0,0,0,0,0,0.011,0,0,0,0,0,2,0,0,0,2,2,2,2,1,1,2
22212,80,0.288464,802,1582,62,252,2,2,10,8,255,255,80,198,0,0,1607.536637,49.875539,32.051556,36.998715,0.076484,0.028721,0.047763,0,1,0,0,0,2,1,1,1,1,1,1
20653,143,1.475668,1612,137210,62,252,6,58,32,120,255,255,50,1143,0,0,2580.668495,1339.797283,47.602194,11.810193,0.099149,0.051272,0.047877,0,1,0,0,0,1,1,1,1,1,1,1
40065,21735,0.467584,1724,268,62,252,2,1,10,6,255,255,172,45,0,0,2391.409635,108.821695,45.557333,76.300203,0.150689,0.086076,0.064613,0,1,0,0,0,1,1,1,1,1,1,1
50990,80,0.551023,814,8140,62,252,2,4,10,12,255,255,81,678,0,0,3145.011921,3024.924007,61.224778,38.979363,0.100474,0.066341,0.034133,0,1,0,0,0,1,5,2,1,1,1,1
44433,25,1.774803,3039,1652,62,252,8,8,22,20,255,255,138,83,0,0,3980.631135,104.766727,84.514429,89.709633,0.153688,0.06956,0.084128,0,1,0,0,0,3,2,2,2,1,1,1
47225,80,1.116158,828,1120,62,252,2,2,10,10,255,255,83,112,0,0,8171.124948,184.973563,124.017556,114.334445,0.102425,0.058803,0.043622,0,1,0,0,0,3,3,1,2,1,1,1
12857,21,12.712014,1930,2144,254,252,11,15,38,40,255,255,51,54,0,0,22431.34814,22170.19935,343.542068,324.793138,0.089856,0.045072,0.044784,0,1,0,0,0,6,2,2,2,1,1,1
26297,25,3.722049,138702,2356,62,252,58,8,124,34,255,255,1119,69,0,0,2892.065112,145.235484,30.508598,108.506789,0.249901,0.121323,0.128578,0,1,0,0,0,4,1,1,3,1,1,1
24875,25,9.545449,737234,5522,62,252,276,8,560,106,255,255,1316,52,0,0,2588.609176,156.761891,17.075938,90.097055,0.104007,0.041188,0.062819,0,1,0,0,0,1,1,4,4,1,1,4
31912,80,0.493474,810,354,254,252,2,1,10,8,255,255,81,44,0,0,3425.010858,128.994672,52.808444,64.01643,0.093929,0.045358,0.048571,0,1,0,0,0,2,1,1,1,1,1,1
37049,6667,0.459025,364,12420,254,252,1,6,8,16,255,255,46,776,0,0,3464.539633,1874.68752,65.575,26.075599,0.11304,0.067219,0.045821,0,1,0,0,0,1,1,1,1,1,1,1
41703,80,0.424988,770,900,62,252,2,2,10,8,255,255,77,113,0,0,2443.257475,76.664242,47.220889,56.528855,0.070128,0.028538,0.04159,0,1,0,0,0,1,1,1,1,1,1,1
0,0,0.000016,2632,0,254,0,0,0,2,0,0,0,1316,0,0,0,0,0,0.016,0,0,0,0,0,2,0,0,0,2,1,1,2,1,1,1
0,0,0.000016,2632,0,254,0,0,0,2,0,0,0,1316,0,0,0,0,0,0.016,0,0,0,0,0,2,0,0,0,2,1,1,2,1,1,1
44585,80,1.393393,1786,217071,62,252,2,83,34,170,255,255,53,1277,0,0,2132.240651,988.539782,42.22403,7.777894,0.126857,0.059595,0.067262,0,1,0,0,0,2,1,1,1,1,1,1
52525,25,1.329651,2932,1694,254,252,7,8,20,20,255,255,147,85,0,0,3416.756514,77.059766,69.931632,64.915,0.157981,0.096261,0.06172,0,1,0,0,0,5,3,1,5,1,1,1
39585,80,0.838599,804,1386,62,252,2,2,10,8,255,255,80,173,0,0,5264.305204,225.122781,93.177667,111.97543,0.110188,0.054056,0.056132,0,1,0,0,0,2,1,1,2,1,1,1
25000,80,0.587205,1246,2190,254,252,3,3,12,10,255,255,104,219,0,0,2662.549061,86.380859,53.382271,57.234223,0.125978,0.060552,0.065426,0,1,0,0,0,1,3,1,1,1,1,1
53,53,0.18337,114,246,254,60,0,0,2,2,0,0,57,123,0,0,0,0,0.015,0.013,0,0,0,0,3,0,0,0,1,1,1,1,1,1,1
23105,161,0.000012,422,0,254,0,0,0,2,0,0,0,211,0,0,0,0,0,0.012,0,0,0,0,0,2,0,0,0,4,1,1,1,1,1,1
15709,80,0.671974,822,1226,62,252,2,2,10,8,255,255,82,153,0,0,3813.528808,138.617266,74.663778,84.97143,0.177898,0.076291,0.101607,0,1,0,0,0,6,1,1,2,1,1,1
63221,143,1.953348,1200,2894,62,252,6,7,22,20,255,255,55,145,0,0,5435.414839,136.432828,93.016568,101.001055,0.095608,0.033626,0.061982,0,1,0,0,0,2,1,1,2,1,1,1
20742,80,0.521931,814,268,62,252,2,1,10,6,255,255,81,45,0,0,2991.717817,132.683188,55.097222,85.177203,0.19836,0.096033,0.102327,0,1,0,0,0,8,2,2,2,2,1,1
0,0,0.000013,1274,0,254,0,0,0,2,0,0,0,637,0,0,0,0,0,0.013,0,0,0,0,0,2,0,0,0,1,1,1,1,1,1,1
0,0,0.000013,1274,0,254,0,0,0,2,0,0,0,637,0,0,0,0,0,0.013,0,0,0,0,0,2,0,0,0,1,1,1,1,1,1,1
0,0,0.000013,1274,0,254,0,0,0,2,0,0,0,637,0,0,0,0,0,0.013,0,0,0,0,0,2,0,0,0,1,1,1,1,1,1,1
29027,5060,0.000006,698,0,254,0,0,0,2,0,0,0,349,0,0,0,0,0,0.006,0,0,0,0,0,2,0,0,0,2,1,1,8,1,1,1
47689,80,0.654447,806,1206,62,252,2,2,10,8,255,255,81,151,0,0,4024.42663,117.154398,72.716333,80.001141,0.155579,0.0725,0.083079,0,1,0,0,0,2,6,3,2,1,1,2
16464,8080,0.702737,4880,1020,62,252,3,2,12,8,255,255,407,128,0,0,4035.223657,161.440297,63.885182,90.446141,0.13518,0.068889,0.066291,0,1,0,0,0,1,5,2,2,1,1,1
0,0,0.746085,632,496,254,60,0,0,4,2,0,0,158,248,0,0,351.701469,0,248.695,0.006,0,0,0,0,3,0,0,0,3,3,3,2,2,2,2
0,0,0.746085,632,496,254,60,0,0,4,2,0,0,158,248,0,0,351.701469,0,248.695,0.006,0,0,0,0,3,0,0,0,3,3,3,2,2,2,2
0,0,0.746085,632,496,254,60,0,0,4,2,0,0,158,248,0,0,351.701469,0,248.695,0.006,0,0,0,0,3,0,0,0,3,3,3,2,2,2,2
0,0,0.746085,632,496,254,60,0,0,4,2,0,0,158,248,0,0,351.701469,0,248.695,0.006,0,0,0,0,3,0,0,0,3,3,3,2,2,2,2
0,0,0.746085,632,496,254,60,0,0,4,2,0,0,158,248,0,0,351.701469,0,248.695,0.006,0,0,0,0,3,0,0,0,3,3,3,2,2,2,2
0,0,0.746085,632,496,254,60,0,0,4,2,0,0,158,248,0,0,351.701469,0,248.695,0.006,0,0,0,0,3,0,0,0,3,3,3,2,2,2,2
0,0,0.746085,632,496,254,60,0,0,4,2,0,0,158,248,0,0,351.701469,0,248.695,0.006,0,0,0,0,3,0,0,0,3,3,3,2,2,2,2
0,0,0.746085,632,496,254,60,0,0,4,2,0,0,158,248,0,0,351.701469,0,248.695,0.006,0,0,0,0,3,0,0,0,3,3,3,2,2,2,2
34650,6905,0.000013,2678,0,254,0,0,0,2,0,0,0,1339,0,0,0,0,0,0.013,0,0,0,0,0,2,0,0,0,3,1,1,1,1,1,1
51445,80,0.883774,1264,354,254,252,2,1,10,8,255,255,126,44,0,0,5325.196257,170.471563,86.392444,106.61857,0.244889,0.13744,0.107449,0,1,0,0,0,1,1,1,1,1,1,1
55708,25,2.539587,2554,1698,254,252,7,8,20,20,255,255,128,85,0,0,6945.554203,161.156672,133.662467,130.955734,0.093725,0.050713,0.043012,0,1,0,0,0,3,1,1,1,1,1,1
64763,80,2.223512,86676,784,254,252,34,1,74,18,255,255,1171,44,0,0,3617.77069,214.881313,30.444932,126.56682,0.16942,0.071866,0.097554,0,1,0,0,0,1,6,3,1,1,1,1
25702,8088,0.649987,23638,440,254,252,9,1,24,10,255,255,985,44,0,0,2513.011622,92.77018,28.202434,64.303223,0.128584,0.071248,0.057336,0,1,0,0,0,5,2,1,1,1,1,1
39140,80,1.650089,1008,60607,62,252,2,23,16,52,255,255,63,1166,0,0,6567.499362,3773.118486,110.005934,31.137216,0.174568,0.061617,0.112951,0,1,0,0,0,5,2,1,2,2,1,1
2086,53,1.107989,518,354,254,252,2,1,10,8,255,255,52,44,0,0,7609.342297,211.750594,123.109889,148.943578,0.157791,0.065086,0.092705,0,1,0,0,0,6,1,1,2,1,1,1
20627,53,0.912764,518,354,254,252,2,1,10,8,255,255,52,44,0,0,6415.067894,167.224641,99.686889,118.175141,0.179138,0.085528,0.09361,0,1,0,0,0,8,3,1,1,1,1,1
57319,3217,0.000005,1238,0,254,0,0,0,2,0,0,0,619,0,0,0,0,0,0.005,0,0,0,0,0,2,0,0,0,8,1,1,2,1,1,1
21027,808,1.126686,2836,268,254,252,2,1,10,6,255,255,284,45,0,0,7910.799939,398.039094,125.083111,212.223406,0.117726,0.065559,0.052167,0,1,0,0,0,1,2,2,1,1,1,1
6847,25,2.324841,2685,1762,62,252,8,8,22,20,255,255,122,88,0,0,5508.851953,148.175672,110.706714,118.772312,0.137857,0.067476,0.070381,0,1,0,0,0,1,2,1,1,1,1,1
18407,8008,1.900453,1258,354,62,252,2,1,10,8,255,255,126,44,0,0,13980.18123,374.703906,211.061333,255.971281,0.228145,0.108651,0.119494,0,1,0,0,0,5,3,2,2,1,1,1
58005,80,0.848197,802,268,254,252,2,1,10,6,255,255,80,45,0,0,4849.75207,182.986672,88.494,115.249797,0.348292,0.271946,0.076346,0,1,0,0,0,1,1,1,5,1,1,1
56855,80,2.406158,902,2352,62,252,2,2,12,10,255,255,75,235,0,0,15256.35427,386.430719,218.741636,261.201219,0.137202,0.054744,0.082458,0,1,0,0,0,5,1,1,2,1,1,1
60062,139,1.809718,992,822,254,252,3,2,12,10,255,255,83,82,0,0,8984.682642,326.548969,164.434722,184.624672,0.280534,0.148095,0.132439,0,1,0,0,0,1,10,4,4,1,1,1
51718,80,1.09445,804,1060,62,252,2,2,10,8,255,255,80,133,0,0,6278.511422,272.156719,121.589556,140.103281,0.325674,0.113717,0.211957,0,1,0,0,0,2,1,1,5,1,1,1
60531,88,0.000012,626,0,254,0,0,0,2,0,0,0,313,0,0,0,0,0,0.012,0,0,0,0,0,2,0,0,0,4,7,3,2,1,1,1
49082,138,0.000016,1242,0,254,0,0,0,2,0,0,0,621,0,0,0,0,0,0.016,0,0,0,0,0,2,0,0,0,5,1,1,2,1,1,1
4390,631,0.872332,1280,354,62,252,2,1,10,8,255,255,128,44,0,0,5266.418419,198.235203,94.818556,112.853289,0.158484,0.082355,0.076129,0,1,0,0,0,4,1,1,2,1,1,1
0,0,0.000002,104,0,254,0,0,0,2,0,0,0,52,0,0,0,0,0,0.002,0,0,0,0,0,2,0,0,0,2,2,2,2,2,2,2
0,0,0.000002,104,0,254,0,0,0,2,0,0,0,52,0,0,0,0,0,0.002,0,0,0,0,0,2,0,0,0,2,2,2,2,2,2,2
0,0,0.000002,104,0,254,0,0,0,2,0,0,0,52,0,0,0,0,0,0.002,0,0,0,0,0,2,0,0,0,2,2,2,2,2,2,2
0,0,0.000002,104,0,254,0,0,0,2,0,0,0,52,0,0,0,0,0,0.002,0,0,0,0,0,2,0,0,0,2,2,2,2,2,2,2
0,0,0.000002,104,0,254,0,0,0,2,0,0,0,52,0,0,0,0,0,0.002,0,0,0,0,0,2,0,0,0,2,2,2,2,2,2,2
0,0,0.000002,104,0,254,0,0,0,2,0,0,0,52,0,0,0,0,0,0.002,0,0,0,0,0,2,0,0,0,2,2,2,2,2,2,2
53857,25,2.809521,17749,1712,62,252,13,8,32,20,255,255,555,86,0,0,5479.098779,173.311937,90.629708,138.814891,0.286516,0.171394,0.115122,0,1,0,0,0,1,1,1,1,1,1,1
20782,25,4.001369,69620,2208,254,252,32,8,70,30,255,255,995,74,0,0,6200.055183,249.359813,57.976767,135.691625,0.191295,0.066301,0.124994,0,1,0,0,0,6,1,1,1,1,1,1
0,0,23.524111,1280,0,254,0,0,0,20,0,0,0,64,0,0,0,1549.389875,0,1238.111125,0,0,0,0,0,2,0,0,0,6,2,2,2,2,2,2
0,0,23.524111,1280,0,254,0,0,0,20,0,0,0,64,0,0,0,1549.389875,0,1238.111125,0,0,0,0,0,2,0,0,0,6,2,2,2,2,2,2
27771,80,14.403264,796,1400,62,252,2,2,10,10,255,255,80,140,0,0,113242.8076,3269.77625,1600.362667,1591.74725,0.177275,0.076894,0.100381,0,1,0,0,0,8,2,1,3,1,1,1
3978,5555,0.822374,8732,268,254,252,4,1,14,6,255,255,624,45,0,0,3730.611922,213.016594,60.280151,136.583203,0.221228,0.139454,0.081774,0,1,0,0,0,10,6,3,2,1,1,2
0,0,0.000017,156,0,254,0,0,0,2,0,0,0,78,0,0,0,0,0,0.017,0,0,0,0,0,2,0,0,0,10,2,2,4,2,2,2
0,0,0.000017,156,0,254,0,0,0,2,0,0,0,78,0,0,0,0,0,0.017,0,0,0,0,0,2,0,0,0,10,2,2,4,2,2,2
0,0,0.000017,156,0,254,0,0,0,2,0,0,0,78,0,0,0,0,0,0.017,0,0,0,0,0,2,0,0,0,10,2,2,4,2,2,2
0,0,0.000017,156,0,254,0,0,0,2,0,0,0,78,0,0,0,0,0,0.017,0,0,0,0,0,2,0,0,0,10,2,2,4,2,2,2
0,0,0.000017,156,0,254,0,0,0,2,0,0,0,78,0,0,0,0,0,0.017,0,0,0,0,0,2,0,0,0,10,2,2,4,2,2,2
0,0,0.000017,156,0,254,0,0,0,2,0,0,0,78,0,0,0,0,0,0.017,0,0,0,0,0,2,0,0,0,10,2,2,4,2,2,2
0,0,0.000017,156,0,254,0,0,0,2,0,0,0,78,0,0,0,0,0,0.017,0,0,0,0,0,2,0,0,0,10,2,2,4,2,2,2
0,0,0.000017,156,0,254,0,0,0,2,0,0,0,78,0,0,0,0,0,0.017,0,0,0,0,0,2,0,0,0,10,2,2,4,2,2,2
0,0,0.000017,156,0,254,0,0,0,2,0,0,0,78,0,0,0,0,0,0.017,0,0,0,0,0,2,0,0,0,10,2,2,4,2,2,2
0,0,0.000017,156,0,254,0,0,0,2,0,0,0,78,0,0,0,0,0,0.017,0,0,0,0,0,2,0,0,0,10,2,2,4,2,2,2
47169,25,3.256341,9817,1858,254,252,10,8,26,20,255,255,378,93,0,0,7416.98856,207.792125,130.227523,166.844734,0.196834,0.086273,0.110561,0,1,0,0,0,1,1,1,1,1,1,1
41097,110,3.718726,1404,90360,62,252,7,40,30,86,255,255,47,1051,0,0,6535.176732,3639.349455,128.231927,43.039013,0.093623,0.059723,0.0339,0,1,0,0,0,1,1,1,1,1,1,1
18766,5405,1.688969,14510,354,254,252,6,1,18,8,255,255,806,44,0,0,8755.0425,304.186281,95.716232,216.590859,0.27399,0.172814,0.101176,0,1,0,0,0,2,4,2,2,1,1,1
31788,80,0.609904,594,182,62,252,2,1,6,4,255,255,99,46,0,0,2873.428875,242.476812,56.333,171.46,0.169421,0.095521,0.0739,0,3,0,0,0,1,1,1,4,1,1,1
68,67,0.000009,1152,0,254,0,0,0,2,0,0,0,576,0,0,0,0,0,0.009,0,0,0,0,0,2,0,0,0,2,1,1,6,1,1,1
18970,80,1.519952,802,1110,62,252,2,2,10,10,255,255,80,111,0,0,9826.290603,258.975703,168.871556,161.235891,0.121988,0.068807,0.053181,0,1,0,0,0,2,2,1,2,1,1,1
63251,1581,1.02363,230,350,254,252,0,2,5,6,255,255,46,58,0,0,363.56075,322.011437,255.6855,188.962,0.145828,0.07882,0.067008,0,1,0,0,0,8,4,2,2,1,1,2
62858,80,3.522405,620,354,254,252,2,1,10,8,255,255,62,44,0,0,25080.06935,762.204125,391.378333,491.613156,0.143044,0.056743,0.086301,0,1,0,0,0,8,4,2,2,1,1,2
63997,1584,0.490518,4398,268,254,252,3,1,12,6,255,255,367,45,0,0,2390.399573,117.781039,40.686818,79.755602,0.147484,0.091736,0.055748,0,1,0,0,0,8,4,1,2,1,1,1
0,0,18.670206,900,0,254,0,0,0,20,0,0,0,45,0,0,0,1060.71875,0,982.642313,0,0,0,0,0,2,0,0,0,6,3,3,3,2,2,3
0,0,18.670206,900,0,254,0,0,0,20,0,0,0,45,0,0,0,1060.71875,0,982.642313,0,0,0,0,0,2,0,0,0,6,3,3,3,2,2,3
34112,80,0.516992,828,1232,62,252,2,2,10,8,255,255,83,154,0,0,2955.191646,79.833656,57.443556,63.588855,0.102983,0.071209,0.031774,0,1,0,0,0,1,1,1,1,1,1,1
5773,3916,1.020827,1432,2272,254,252,4,3,14,10,255,255,102,227,0,0,3825.943558,137.214297,78.525151,104.307109,0.160157,0.081324,0.078833,0,1,0,0,0,3,1,1,2,1,1,1
43607,1718,1.197177,53661,430,254,252,3,0,48,10,255,255,1118,43,0,0,2710.682316,108.713555,24.945616,85.931555,0,0,0,0,1,0,0,0,2,1,1,1,1,1,1
63265,80,0.726865,268,134,254,252,0,0,6,3,255,255,45,45,0,0,233.664813,363.4275,128.200797,363.4325,0,0,0,0,1,0,0,0,4,1,4,2,2,1,1
53134,80,1.071984,900,1024,62,252,2,2,12,10,255,255,75,102,0,0,6942.337912,156.591281,97.453088,111.841555,0.107165,0.064653,0.042512,0,1,0,0,0,5,5,1,2,2,1,1
7840,80,0.488063,918,1194,62,252,2,2,10,8,255,255,92,149,0,0,3018.019405,93.103531,54.229222,61.62857,0.086398,0.033669,0.052729,0,1,0,0,0,8,1,1,2,2,1,1
27570,1234,0.000036,216,0,62,0,0,0,2,0,0,0,108,0,0,0,0,0,0.036,0,0,0,0,0,2,0,0,0,1,1,1,1,1,1,1
39457,80,0.297848,818,2504,62,252,2,2,10,8,255,255,82,313,0,0,1774.601032,60.800758,33.094222,36.782715,0.066106,0.029942,0.036164,0,1,0,0,0,1,1,1,5,1,1,1
28935,389,0.616348,2650,354,254,252,2,1,10,8,255,255,265,44,0,0,4946.187504,136.166875,67.206,86.621711,0.043977,0.009991,0.033986,0,1,0,0,0,2,2,1,8,1,1,1
16698,80,0.419952,1620,354,62,252,2,1,10,8,255,255,162,44,0,0,3038.266124,122.164953,46.661333,55.55943,0.089439,0.019988,0.069451,0,1,0,0,0,4,1,1,1,1,1,1
34246,80,0.331653,802,4718,62,252,2,3,10,10,255,255,80,472,0,0,1937.98112,2081.732199,36.850333,32.197556,0.060066,0.028423,0.031643,0,1,0,0,0,1,1,1,1,1,1,1
3124,80,0.30474,7544,3100,254,252,4,2,14,8,255,255,539,388,0,0,1448.560335,59.608984,23.378615,41.337,0.061521,0.015379,0.046142,0,1,0,0,0,2,1,1,1,1,1,1
49057,7144,0.260757,502,566,254,252,2,2,10,8,255,255,50,71,0,0,1499.491377,65.012297,28.872333,35.83857,0.064194,0.009878,0.054316,0,1,0,0,0,2,1,1,1,1,1,1
65127,445,0.254693,20964,354,254,252,8,1,22,8,255,255,953,44,0,0,828.21731,50.272668,10.249429,30.604428,0.072465,0.04045,0.032015,0,1,0,0,0,1,2,1,1,1,1,1
58905,80,0.344101,964,1284,62,252,2,2,10,8,255,255,96,161,0,0,1950.155349,59.873688,38.233444,44.461855,0.058094,0.03183,0.026264,0,1,0,0,0,3,1,1,3,3,1,1
11964,445,1.928038,718,444,62,252,2,2,10,10,255,255,72,44,0,0,12906.65343,363.748844,214.123778,207.294891,0.157402,0.062377,0.095025,0,1,0,0,0,2,1,1,1,1,1,1
61438,110,1.662133,960,3100,62,252,7,8,20,22,255,255,48,141,0,0,4657.361336,116.20893,87.480687,74.844664,0.163336,0.089695,0.073641,0,1,0,0,0,1,2,1,1,1,1,1
53,53,0.058649,158,0,254,0,0,0,3,0,0,0,53,0,0,0,0,0,0.002,0,0,0,0,0,2,0,0,0,2,2,2,2,1,1,2
53,53,0.058649,158,0,254,0,0,0,3,0,0,0,53,0,0,0,0,0,0.002,0,0,0,0,0,2,0,0,0,2,2,2,2,1,1,2
0,0,0,24,0,254,0,0,0,1,0,0,0,24,0,0,0,0,0,0,0,0,0,0,0,2,0,0,0,2,2,2,2,1,1,2
60602,80,1.32267,824,1426,62,252,2,2,10,8,255,255,82,178,0,0,9834.445067,392.826594,146.880111,182.466859,0.105189,0.045391,0.059798,0,1,0,0,0,2,2,1,1,1,1,1
57204,10008,0.480252,7562,268,254,252,4,1,14,6,255,255,540,45,0,0,2276.495729,134.811313,34.394691,83.406,0.109751,0.06322,0.046531,0,1,0,0,0,1,1,1,1,1,1,1
52067,80,59.954037,39070,7862186,62,252,2,2950,898,5902,255,255,44,1332,0,0,3210.717632,1251.979972,66.838415,10.148997,0.084345,0.029881,0.054464,0,3,0,0,0,9,1,1,3,1,1,1
27701,80,0.738871,778,1184,62,252,2,2,10,8,255,255,78,148,0,0,4405.508697,172.203031,82.096778,92.196,0.126185,0.068638,0.057547,0,1,0,0,0,1,1,1,1,1,1,1
10655,80,0.710506,830,1236,62,252,2,2,10,8,255,255,83,155,0,0,4153.788981,137.220391,78.934778,89.201141,0.136968,0.086097,0.050871,0,1,0,0,0,8,1,1,4,2,1,1
52067,80,21.586037,14534,2948800,62,252,0,1091,338,2194,255,255,43,1344,0,0,73.678797,1179.887844,64.170574,9.901449,0.084345,0.029881,0.054464,0,1,0,0,0,8,1,1,2,1,1,1
65053,80,0.656699,830,1016,62,252,2,2,10,8,255,255,83,127,0,0,3647.951231,149.394469,72.966556,83.688,0.196015,0.070193,0.125822,0,1,0,0,0,2,9,3,8,1,1,1
40641,4827,0.000004,142,0,62,0,0,0,2,0,0,0,71,0,0,0,0,0,0.004,0,0,0,0,0,2,0,0,0,1,3,1,1,1,1,1
10523,80,0.340692,862,2142,254,252,2,2,10,8,255,255,86,268,0,0,1849.653733,56.485039,37.854667,33.204855,0.113544,0.05123,0.062314,0,1,0,0,0,2,1,1,1,1,1,1
42108,80,0.499612,814,268,254,252,2,1,10,6,255,255,81,45,0,0,4324.052932,179.357047,54.766333,93.26,0.067641,0.033301,0.03434,0,1,0,0,0,2,3,1,8,1,1,1
27237,80,0.309267,730,676,62,252,2,2,10,8,255,255,73,85,0,0,1834.603078,61.894281,34.363,38.55257,0.037317,0.02139,0.015927,0,1,0,0,0,2,1,1,1,1,1,1
47758,80,0.53813,962,1260,254,252,2,2,10,8,255,255,96,158,0,0,4309.953025,154.142297,59.792222,71.697711,0.030268,0.015069,0.015199,0,1,0,0,0,2,2,4,5,1,1,4
65307,80,0.429336,812,2564,62,252,2,2,10,8,255,255,81,321,0,0,2314.166209,90.549258,47.634444,53.50743,0.14375,0.054774,0.088976,0,1,0,0,0,2,1,1,1,1,1,1
31359,1478,0.177814,498,268,254,252,2,1,10,6,255,255,50,45,0,0,968.505073,58.169781,18.292333,34.192801,0.052037,0.006846,0.045191,0,1,0,0,0,1,1,1,1,1,1,1
2464,3306,0.26731,818,562,254,252,3,3,12,10,255,255,68,56,0,0,1269.239452,35.622469,24.030545,26.357111,0.065027,0.030095,0.034932,0,1,0,0,0,1,1,1,1,1,1,1
5161,143,1.097405,1468,88448,62,252,6,39,28,82,255,255,52,1079,0,0,2091.696667,1207.421904,40.644629,13.445296,0.05152,0.007615,0.043905,0,1,0,0,0,3,1,1,1,1,1,1
61001,502,0.198895,5228,268,254,252,3,1,12,6,255,255,436,45,0,0,987.347242,66.031773,16.719909,38.633398,0.050868,0.005722,0.045146,0,1,0,0,0,2,1,1,1,1,1,1
63606,25,0.611065,17387,1794,62,252,13,8,32,20,255,255,543,90,0,0,1204.322517,38.753996,19.711774,30.477895,0.06181,0.030807,0.031003,0,1,0,0,0,11,3,2,3,1,1,1
39318,25,1.232081,74266,2178,62,252,33,8,72,28,255,255,1031,78,0,0,1690.04548,69.107672,17.353254,43.650332,0.074049,0.052874,0.021175,0,1,0,0,0,2,1,1,1,1,1,1
33832,80,3.090253,330378,1902,62,252,122,1,250,44,255,255,1322,43,0,0,1438.449728,86.675031,12.210876,70.459305,0.097983,0.060492,0.037491,0,1,0,0,0,1,1,1,1,1,1,1
45747,80,2.207874,330718,1816,62,252,126,1,258,42,255,255,1282,43,0,0,978.296913,61.513922,8.433996,52.950633,0.080072,0.036894,0.043178,0,1,0,0,0,3,3,1,2,2,1,1
18087,80,2.390472,330718,1816,62,252,126,1,258,42,255,255,1282,43,0,0,1046.220902,63.235379,9.216117,56.989,0.11707,0.053913,0.063157,0,1,0,0,0,3,3,1,1,1,1,1
34908,80,0.748502,820,1034,62,252,2,2,10,10,255,255,82,103,0,0,5237.796726,110.625938,83.149889,75.750891,0.1152,0.066735,0.048465,0,1,0,0,0,1,1,1,1,1,1,1
7785,80,3.305232,330378,1816,62,252,122,1,250,42,255,255,1322,43,0,0,1948.051947,151.882281,12.729129,78.922734,0.163429,0.06939,0.094039,0,1,0,0,0,2,3,1,2,1,1,1
18826,80,3.136867,330378,1902,62,252,122,1,250,44,255,255,1322,43,0,0,1519.100458,81.364297,12.528879,71.218977,0.132439,0.07444,0.057999,0,1,0,0,0,3,2,1,2,1,1,1
40666,80,2.85771,330293,1816,62,252,121,1,248,42,255,255,1332,43,0,0,1302.299878,75.511078,11.341324,68.011609,0.110313,0.069224,0.041089,0,1,0,0,0,5,5,1,1,1,1,1
32922,80,8.370166,825227,4654,254,252,308,1,622,108,255,255,1327,43,0,0,1541.07545,96.764922,13.478528,77.398461,0.1507,0.058532,0.092168,0,1,0,0,0,3,1,1,1,1,1,1
24157,2690,1.409751,466,268,254,252,2,1,10,6,255,255,47,45,0,0,10359.17757,481.079,156.639,255.517406,0.183559,0.091845,0.091714,0,1,0,0,0,1,1,1,1,1,1,1
18525,80,0.720576,784,1518,62,252,2,2,10,8,255,255,78,190,0,0,3986.488749,150.707203,80.064,90.278141,0.183309,0.088009,0.0953,0,1,0,0,0,2,2,1,1,1,1,1
27373,80,0.772554,784,910,62,252,2,2,10,8,255,255,78,114,0,0,4841.669734,185.481922,81.804889,102.577859,0.104144,0.054492,0.049652,0,1,0,0,0,4,2,2,3,1,1,1
27588,6783,0.420984,11322,268,254,252,5,1,16,6,255,255,708,45,0,0,1571.768997,91.30725,22.876799,72.555602,0.095835,0.058189,0.037646,0,1,0,0,0,4,4,2,1,1,1,1
2478,80,0.4462,834,1242,62,252,2,2,10,8,255,255,83,155,0,0,2429.843598,70.564852,49.577778,47.25257,0.121381,0.052565,0.068816,0,1,0,0,0,2,1,1,1,1,1,1
60778,80,0.199528,2076,268,254,252,2,1,10,6,255,255,208,45,0,0,1067.586984,63.205945,20.112889,38.265602,0.057131,0.008189,0.048942,0,1,0,0,0,3,1,1,1,1,1,1
54678,80,0.256839,800,1324,62,252,2,2,10,8,255,255,80,166,0,0,1512.703354,55.01402,28.537667,34.090145,0.053253,0.007996,0.045257,0,1,0,0,0,1,1,1,1,1,1,1
9796,2000,0.314429,1292,412,254,252,3,2,12,8,255,255,108,52,0,0,1396.145146,58.880367,28.584455,43.78243,0.051608,0.007176,0.044432,0,1,0,0,0,3,2,1,1,1,1,1
12273,80,0.3827,6668,354,254,252,20,1,46,8,255,255,145,44,0,0,541.088248,111.226391,8.4144,53.857855,0.050209,0.005692,0.044517,0,1,0,0,0,2,1,1,1,1,1,1
3314,25,0.835472,19907,1988,254,252,14,8,34,22,255,255,586,90,0,0,1605.003193,47.976887,25.317334,39.236,0.051925,0.007302,0.044623,0,1,0,0,0,2,1,1,1,1,1,1
26627,389,0.168878,1602,268,254,252,2,1,10,6,255,255,160,45,0,0,974.06417,60.797191,18.764222,31.487199,0.052277,0.007111,0.045166,0,1,0,0,0,2,1,1,1,1,1,1
55965,80,0.27845,782,1826,62,252,2,2,10,8,255,255,78,228,0,0,1537.2692,58.564168,30.938889,38.579855,0.052202,0.007823,0.044379,0,1,0,0,0,2,1,1,1,1,1,1
23796,445,1.105808,4208,3598,254,252,11,11,28,26,255,255,150,138,0,0,1968.666998,51.075164,40.95585,43.949961,0.052594,0.00652,0.046074,0,1,0,0,0,38,1,1,17,1,1,1
50084,80,0.228767,850,1274,62,252,2,2,10,8,255,255,85,159,0,0,1400.348431,53.004914,25.418556,29.549715,0.04219,0.017115,0.025075,0,1,0,0,0,2,1,1,1,1,1,1
46892,389,0.272907,668,376,254,252,3,2,12,8,255,255,56,47,0,0,1271.778759,56.717293,23.821727,38.145855,0.04906,0.005884,0.043176,0,1,0,0,0,1,1,1,1,1,1,1
9710,80,0.436633,900,950,62,252,2,2,10,8,255,255,90,119,0,0,2688.591557,98.252773,48.514778,59.934855,0.064639,0.016386,0.048253,0,1,0,0,0,2,3,3,1,1,1,1
14409,25,0.91917,2696,1288,254,252,6,7,18,18,255,255,150,72,0,0,2863.489395,78.901125,54.068824,51.062176,0.100173,0.050268,0.049905,0,1,0,0,0,2,1,1,1,1,1,1
34796,88,0.000004,606,0,254,0,0,0,2,0,0,0,303,0,0,0,0,0,0.004,0,0,0,0,0,2,0,0,0,2,1,1,1,1,1,1
41164,80,0.256816,844,1252,62,252,2,2,10,8,255,255,84,157,0,0,1488.286722,58.016156,28.535111,34.38243,0.052352,0.007691,0.044661,0,1,0,0,0,3,1,1,1,1,1,1
20662,25,0.774486,2655,1798,62,252,8,8,22,20,255,255,121,90,0,0,1804.474323,49.083797,36.880287,40.093633,0.051918,0.007423,0.044495,0,1,0,0,0,1,1,1,1,1,1,1
14859,54444,4.521123,1032606,5170,254,252,391,1,788,120,255,255,1310,43,0,0,711.877873,45.750801,5.718422,37.555379,0.114617,0.052022,0.062595,0,1,0,0,0,2,4,1,1,1,1,1
6326,25,0.812425,19565,1224,254,252,13,6,28,14,255,255,699,87,0,0,1940.852204,62.22957,30.089814,57.402461,0.077551,0.046574,0.030977,0,4,0,0,0,2,1,1,1,1,1,1
55145,25,1.946525,3060,1766,62,252,7,8,20,20,255,255,153,88,0,0,4984.43494,119.858852,102.448683,98.234422,0.162492,0.079706,0.082786,0,1,0,0,0,4,2,1,2,1,1,1
55145,25,1.946525,3060,1766,62,252,7,8,20,20,255,255,153,88,0,0,4984.43494,119.858852,102.448683,98.234422,0.162492,0.079706,0.082786,0,1,0,0,0,4,2,1,2,1,1,1
23198,80,1.568827,1186,354,254,252,2,1,10,8,255,255,119,44,0,0,10570.5953,405.141156,174.314111,215.808578,0.115693,0.05751,0.058183,0,1,0,0,0,1,2,1,1,1,1,1
55768,138,0.000004,458,0,254,0,0,0,2,0,0,0,229,0,0,0,0,0,0.004,0,0,0,0,0,2,0,0,0,8,2,1,3,1,1,1
39739,143,2.696908,1268,72026,62,252,6,33,24,72,255,255,53,1000,0,0,5936.427186,3219.706467,117.256869,36.660593,0.184493,0.093483,0.09101,0,1,0,0,0,1,1,1,3,1,1,1
55025,80,0.901505,840,268,254,252,2,1,10,6,255,255,84,45,0,0,5647.253305,306.528656,100.067556,170.293406,0.127246,0.050036,0.07721,0,1,0,0,0,8,1,1,2,1,1,1
64818,139,2.114402,2634,2446,254,252,7,7,20,20,255,255,132,122,0,0,5703.393857,139.781844,111.284312,104.154422,0.180946,0.135065,0.045881,0,1,0,0,0,8,2,1,2,1,1,1
63110,80,1.356573,91968,698,254,252,35,1,76,16,255,255,1210,44,0,0,1788.694291,121.329414,18.083227,83.50507,0.196235,0.103986,0.092249,0,1,0,0,0,1,1,1,1,1,1,1
49905,110,3.416561,1544,127028,62,252,7,55,34,114,255,255,45,1114,0,0,5381.324648,2834.571288,103.53,29.893318,0.094695,0.038614,0.056081,0,1,0,0,0,5,1,1,3,1,1,1
49905,110,3.416561,1544,127028,62,252,7,55,34,114,255,255,45,1114,0,0,5381.324648,2834.571288,103.53,29.893318,0.094695,0.038614,0.056081,0,1,0,0,0,5,1,1,3,1,1,1
11308,80,1.104919,2726,354,62,252,2,1,10,8,255,255,273,44,0,0,8337.668098,212.590359,122.768778,143.491859,0.111853,0.071965,0.039888,0,1,0,0,0,2,1,1,1,1,1,1
46729,80,0.63365,1596,1056,254,252,2,2,10,8,255,255,160,132,0,0,3687.853838,137.476937,70.405556,74.515,0.166943,0.092308,0.074635,0,1,0,0,0,9,8,3,3,1,1,3
10249,25,3.630908,49392,1972,62,252,23,8,54,24,255,255,915,82,0,0,6159.391669,264.336781,68.496021,155.532609,0.093258,0.053657,0.039601,0,1,0,0,0,3,2,5,5,1,1,5
5310,80,1.466755,1152,7556,62,252,3,5,12,16,255,255,96,472,0,0,7454.084087,6192.565128,128.107278,89.922069,0.178115,0.117923,0.060192,0,1,0,0,0,3,2,1,1,1,1,1
43142,25,4.898794,391746,3622,62,252,154,8,314,64,255,255,1248,57,0,0,1723.322516,91.960555,15.701263,76.279813,0.148774,0.054555,0.094219,0,1,0,0,0,1,1,1,1,1,1,1
44690,25,29.983252,3592740,19532,62,252,1362,8,2730,432,255,255,1316,45,0,0,1322.637748,78.656805,10.986893,69.330289,0.206411,0.101109,0.105302,0,1,0,0,0,2,2,1,2,1,1,1
41428,80,1.111904,1030,354,254,252,2,1,10,8,255,255,103,44,0,0,8550.976056,214.286687,123.438444,148.373281,0.131976,0.07328,0.058696,0,1,0,0,0,7,1,1,2,1,1,1
38080,80,0.661743,852,354,254,252,2,1,10,8,255,255,85,44,0,0,3910.501349,141.971406,73.527,84.656289,0.142333,0.068758,0.073575,0,1,0,0,0,6,6,2,2,1,1,2
23647,80,1.896046,2350,40174,62,252,6,16,20,38,255,255,118,1057,0,0,5441.051578,4375.022848,99.791897,50.256271,0.104163,0.035971,0.068192,0,1,0,0,0,6,5,3,3,1,1,3
49975,80,0.795063,1022,5184,62,252,2,2,10,10,255,255,102,518,0,0,4617.861729,5024.014193,88.340333,68.313332,0.217728,0.164884,0.052844,0,1,0,0,0,6,1,1,1,1,1,1
42158,110,2.393485,1210,68258,62,252,7,32,26,68,255,255,47,1004,0,0,5694.78253,3114.438931,95.698877,35.089656,0.10116,0.042471,0.058689,0,1,0,0,0,6,1,1,1,1,1,1
29873,80,0.73603,1260,268,254,252,2,1,10,6,255,255,126,45,0,0,4280.123264,225.468625,77.346222,130.503398,0.19375,0.08351,0.11024,0,1,0,0,0,8,5,2,4,2,1,1
8002,80,0.373109,832,13602,62,252,2,6,10,16,255,255,83,850,0,0,2215.074428,1868.739633,41.456556,20.799933,0.12308,0.0606,0.06248,0,1,0,0,0,1,1,1,1,1,1,1
22199,80,0.488926,1002,268,254,252,2,1,10,6,255,255,100,45,0,0,2311.436988,110.812898,43.673111,84.751797,0.085657,0.065157,0.0205,0,1,0,0,0,2,7,3,1,1,1,1
56272,8080,0.546851,1766,268,254,252,2,1,10,6,255,255,177,45,0,0,3208.498836,183.215641,57.171,105.594602,0.083075,0.018866,0.064209,0,1,0,0,0,4,1,1,1,1,1,1
20525,110,3.501997,2342,304268,62,252,7,121,52,246,255,255,45,1237,0,0,3617.706541,1756.211065,68.666607,14.036037,0.159721,0.062439,0.097282,0,1,0,0,0,11,3,1,3,1,1,1
46540,80,1.037236,136027,870,254,252,53,1,112,20,255,255,1215,44,0,0,933.143435,62.761648,8.874919,50.530262,0.142253,0.077151,0.065102,0,1,0,0,0,2,1,1,1,1,1,1
53567,5357,0.306685,6918,268,254,252,4,1,14,6,255,255,494,45,0,0,1348.626083,82.569875,23.521154,55.063801,0.083785,0.031356,0.052429,0,1,0,0,0,1,1,1,2,1,1,1
1993,80,0.597622,780,3756,62,252,2,3,10,12,255,255,78,313,0,0,4214.8349,3753.505437,66.402444,52.913181,0.068302,0.014872,0.05343,0,1,0,0,0,2,1,1,1,1,1,1
57873,80,0.337157,828,16602,62,252,2,7,10,18,255,255,83,922,0,0,1873.587286,1381.314315,37.461889,17.004705,0.098484,0.047264,0.05122,0,1,0,0,0,1,1,1,1,1,1,1
57873,80,0.337157,828,16602,62,252,2,7,10,18,255,255,83,922,0,0,1873.587286,1381.314315,37.461889,17.004705,0.098484,0.047264,0.05122,0,1,0,0,0,1,1,1,1,1,1,1
64499,25,1.194973,16594,1814,62,252,12,8,30,20,255,255,553,91,0,0,2520.417681,71.900867,41.205965,59.248262,0.10345,0.068552,0.034898,0,1,0,0,0,2,1,1,1,1,1,1
4988,80,0.568001,774,1590,62,252,2,2,10,8,255,255,77,199,0,0,3615.26195,137.174703,63.111222,76.167289,0.077667,0.034523,0.043144,0,1,0,0,0,2,1,1,1,1,1,1
24414,80,0.534798,1024,59861,62,252,2,23,16,50,255,255,64,1197,0,0,2023.971329,1220.501588,35.653199,9.43651,0.130433,0.063538,0.066895,0,1,0,0,0,2,1,1,1,1,1,1
26021,110,0.980501,960,5532,62,252,7,9,20,22,255,255,48,251,0,0,2531.971638,2337.294287,51.605317,45.711475,0.060983,0.01984,0.041143,0,1,0,0,0,2,1,1,1,1,1,1
41454,25,1.379269,5717,1830,62,252,9,8,24,20,255,255,238,92,0,0,3097.882757,86.580266,59.946609,69.437844,0.091512,0.05994,0.031572,0,1,0,0,0,1,1,1,1,1,1,1
26294,21,3.526679,1292,1622,62,252,7,9,24,22,255,255,54,74,0,0,12598.312,431.670563,153.333874,165.997328,0.102733,0.039996,0.062737,0,1,0,0,0,3,2,2,2,1,1,2
26294,21,3.526679,1292,1622,62,252,7,9,24,22,255,255,54,74,0,0,12598.312,431.670563,153.333874,165.997328,0.102733,0.039996,0.062737,0,1,0,0,0,3,2,2,2,1,1,2
25870,51842,2.408826,2084,373591,62,252,1,142,48,288,255,255,43,1297,0,0,3000.04925,1125.740199,51.234938,8.209592,0.067214,0.052663,0.014551,0,1,0,0,0,3,2,2,2,1,1,2
25870,51842,2.408826,2084,373591,62,252,1,142,48,288,255,255,43,1297,0,0,3000.04925,1125.740199,51.234938,8.209592,0.067214,0.052663,0.014551,0,1,0,0,0,3,2,2,2,1,1,2
47779,80,0.299845,1062,268,254,252,2,1,10,6,255,255,106,45,0,0,1687.467229,72.863586,33.316111,54.170398,0.045875,0.028264,0.017611,0,1,0,0,0,3,1,1,1,1,1,1
38575,25,1.063312,6678,1736,62,252,8,8,22,20,255,255,304,87,0,0,2634.188158,65.868016,50.633903,54.069105,0.053891,0.035043,0.018848,0,1,0,0,0,1,1,1,1,1,1,1
59711,25,1.124374,68302,1910,62,252,31,8,68,26,255,255,1004,73,0,0,1409.353878,51.838242,16.776223,42.888238,0.072077,0.052158,0.019919,0,1,0,0,0,2,1,6,1,1,1,1
60660,110,1.82299,1650,164071,62,252,7,69,36,142,255,255,46,1155,0,0,2518.368244,1227.33599,52.08543,12.313163,0.13135,0.058215,0.073135,0,1,0,0,0,2,1,1,5,1,1,1
60660,110,1.82299,1650,164071,62,252,7,69,36,142,255,255,46,1155,0,0,2518.368244,1227.33599,52.08543,12.313163,0.13135,0.058215,0.073135,0,1,0,0,0,2,1,1,5,1,1,1
61554,80,0.702634,820,9562,62,252,2,5,10,14,255,255,82,683,0,0,4851.643535,4704.172435,77.958556,51.422153,0.066816,0.034143,0.032673,0,1,0,0,0,1,1,1,1,1,1,1
16436,80,0.400469,1176,13318,254,252,3,7,12,18,255,255,98,740,0,0,1810.818981,1627.875992,36.311911,22.458942,0.03324,0.018657,0.014583,0,1,0,0,0,2,3,1,1,1,1,1
7586,554,0.511503,7260,268,254,252,4,1,14,6,255,255,519,45,0,0,3055.212617,161.271484,36.138617,97.47,0.073672,0.024152,0.04952,0,1,0,0,0,2,2,2,2,2,1,2
35665,554,0.797179,7260,268,254,252,4,1,14,6,255,255,519,45,0,0,5614.675087,277.888875,61.321463,154.222,0.035322,0.025326,0.009996,0,1,0,0,0,2,2,2,2,2,1,2
28387,80,0.533955,1174,268,254,252,2,1,10,6,255,255,117,45,0,0,3890.776281,183.995031,58.012556,98.892203,0.102308,0.039484,0.062824,0,1,0,0,0,3,1,1,1,1,1,1
33334,80,0.65353,770,3976,62,252,2,3,10,10,255,255,77,398,0,0,4693.539611,6030.253315,72.614444,68.811333,0.053129,0.024538,0.028591,0,1,0,0,0,3,1,1,2,2,1,1
49323,143,2.140215,2462,304665,62,252,6,122,52,248,255,255,47,1228,0,0,2134.915955,971.470813,41.964999,8.520644,0.051787,0.034918,0.016869,0,1,0,0,0,1,2,5,1,1,1,1
30589,8800,0.371729,1588,412,254,252,2,2,10,8,255,255,159,52,0,0,2172.300746,83.854922,41.303222,46.475285,0.102159,0.035062,0.067097,0,1,0,0,0,1,1,1,1,1,1,1
49615,80,0.280269,848,1278,62,252,2,2,10,8,255,255,85,160,0,0,1664.273628,58.888859,31.141,35.21557,0.038535,0.022149,0.016386,0,1,0,0,0,1,1,1,7,1,1,1
32381,25,41.921242,9179162,45082,62,252,3407,8,6820,1028,255,255,1346,44,0,0,759.75142,48.875582,6.148605,40.793926,0.087569,0.025216,0.062353,0,1,0,0,0,2,1,1,1,1,1,1
54149,80,0.226787,830,9836,62,252,2,5,10,14,255,255,83,703,0,0,1282.40117,1211.200494,25.198556,13.082231,0.03786,0.020936,0.016924,0,1,0,0,0,2,1,1,1,1,1,1
39362,80,0.537966,868,268,254,252,2,1,10,6,255,255,87,45,0,0,4965.759432,203.711813,59.045,106.083398,0.038502,0.007538,0.030964,0,1,0,0,0,2,1,1,1,1,1,1
48620,110,1.203983,1274,82114,62,252,7,37,28,78,255,255,46,1053,0,0,2565.630907,1577.140226,44.591962,14.947753,0.102236,0.052157,0.050079,0,1,0,0,0,2,1,1,2,1,1,1
55730,80,0.194552,1090,268,254,252,2,1,10,6,255,255,109,45,0,0,1116.021959,54.632992,21.616889,33.229801,0.047857,0.022659,0.025198,0,1,0,0,0,2,1,1,2,1,1,1
57102,80,0.472264,70407,526,254,252,27,1,60,12,255,255,1173,44,0,0,956.576621,62.969738,7.821271,42.00691,0.059859,0.010178,0.049681,0,1,0,0,0,3,2,1,1,1,1,1
19438,110,0.775291,950,2636,62,252,7,8,20,20,255,255,48,132,0,0,1967.36405,47.111102,40.804791,39.549844,0.050872,0.006195,0.044677,0,1,0,0,0,2,2,1,1,1,1,1
56269,52439,0.525229,364,3754,62,252,1,3,8,10,255,255,46,375,0,0,5010.137852,4665.138928,75.032717,51.836222,0.110086,0.058151,0.051935,0,1,0,0,0,3,2,2,2,1,1,2
56269,52439,0.525229,364,3754,62,252,1,3,8,10,255,255,46,375,0,0,5010.137852,4665.138928,75.032717,51.836222,0.110086,0.058151,0.051935,0,1,0,0,0,3,2,2,2,1,1,2
46681,21,1.152108,1202,1614,62,252,7,9,22,22,255,255,55,73,0,0,2958.728044,3613.796013,54.862287,54.50176,0.051245,0.006811,0.044434,0,1,0,0,0,3,2,2,2,1,1,2
46681,21,1.152108,1202,1614,62,252,7,9,22,22,255,255,55,73,0,0,2958.728044,3613.796013,54.862287,54.50176,0.051245,0.006811,0.044434,0,1,0,0,0,3,2,2,2,1,1,2
19443,143,1.246783,1846,195384,62,252,6,79,38,162,255,255,49,1206,0,0,1689.274749,777.849024,33.696837,7.555429,0.043516,0.029731,0.013785,0,1,0,0,0,2,1,1,1,1,1,1
41882,80,0.172283,860,268,254,252,2,1,10,6,255,255,86,45,0,0,1145.858758,54.43791,19.142556,31.1176,0.026705,0.016196,0.010509,0,1,0,0,0,1,2,1,1,1,1,1
18307,80,0.168357,864,268,254,252,2,1,10,6,255,255,86,45,0,0,979.646431,45.617082,16.248111,29.7774,0.034247,0.019459,0.014788,0,1,0,0,0,2,1,1,2,1,1,1
4285,143,1.347153,1790,162512,62,252,6,67,36,138,255,255,50,1178,0,0,1956.453918,1018.645593,38.490086,9.678489,0.059023,0.007084,0.051939,0,1,0,0,0,2,2,1,2,1,1,1
31263,80,0.204796,778,6856,62,252,2,4,10,12,255,255,78,571,0,0,1134.344107,1477.879887,22.755111,15.913728,0.05827,0.012926,0.045344,0,1,0,0,0,2,1,1,1,1,1,1
13099,25,1.071221,3145,1710,62,252,8,8,22,20,255,255,143,86,0,0,2823.909187,87.67718,51.010524,55.465367,0.079237,0.016731,0.062506,0,1,0,0,0,1,1,1,1,1,1,1
30159,25,0.81929,31053,1882,62,252,17,8,40,22,255,255,776,86,0,0,1435.455909,45.266777,21.007436,38.401906,0.049515,0.005126,0.044389,0,1,0,0,0,2,2,1,1,1,1,1
42998,25,0.801336,31335,1946,62,252,18,8,42,22,255,255,746,88,0,0,1846.389957,69.856234,19.54478,35.957285,0.091429,0.045578,0.045851,0,1,0,0,0,2,2,1,1,1,1,1
11934,143,1.032404,1798,174334,62,252,6,71,36,146,255,255,50,1194,0,0,1448.125588,711.948465,29.497257,7.050317,0.0561,0.009445,0.046655,0,1,0,0,0,1,3,2,1,1,1,1
11934,143,1.032404,1798,174334,62,252,6,71,36,146,255,255,50,1194,0,0,1448.125588,711.948465,29.497257,7.050317,0.0561,0.009445,0.046655,0,1,0,0,0,1,3,2,1,1,1,1
49168,80,0.210687,33036,354,254,252,12,1,30,8,255,255,1101,44,0,0,672.105592,55.871098,6.796414,28.747715,0.053918,0.009443,0.044475,0,1,0,0,0,2,3,1,1,1,1,1
18545,25,1.033445,72664,1922,62,252,33,8,72,26,255,255,1009,74,0,0,1154.229003,45.147758,14.555564,41.018801,0.052794,0.007283,0.045511,0,1,0,0,0,3,2,1,1,1,1,1
36928,25,0.865129,59889,2084,62,252,29,8,64,26,255,255,936,80,0,0,1078.298032,40.011047,13.732206,34.34048,0.050904,0.005943,0.044961,0,1,0,0,0,3,2,1,1,1,1,1
64239,25,0.805794,31173,1882,62,252,17,8,40,22,255,255,779,86,0,0,1810.032921,74.619508,20.661385,36.07743,0.071841,0.025898,0.045943,0,1,0,0,0,3,2,1,2,2,1,1
4808,80,0.292236,1578,1054,254,252,3,2,12,8,255,255,132,132,0,0,1326.668221,59.023383,25.389364,40.854855,0.052885,0.006242,0.046643,0,1,0,0,0,2,1,1,1,1,1,1
30369,80,0.242336,832,8844,62,252,2,4,10,12,255,255,83,737,0,0,1284.947921,1626.160854,26.926222,21.355727,0.050578,0.0067,0.043878,0,1,0,0,0,2,1,1,1,1,1,1
3634,1900,0.193651,720,268,254,252,2,1,10,6,255,255,72,45,0,0,1004.678207,59.539598,19.090667,37.164199,0.053335,0.007823,0.045512,0,1,0,0,0,1,1,1,1,1,1,1
55289,80,0.185503,770,3418,62,252,2,3,10,10,255,255,77,342,0,0,1077.367484,1690.785218,20.611444,19.542667,0.053671,0.005705,0.047966,0,1,0,0,0,1,1,1,1,1,1,1
3861,143,1.11924,1802,169988,62,252,6,70,36,144,255,255,50,1180,0,0,1595.334432,803.869166,31.978286,7.767846,0.05351,0.007821,0.045689,0,1,0,0,0,2,1,1,1,1,1,1
61815,25,0.633446,8946,1728,62,252,9,8,24,20,255,255,373,86,0,0,1498.179368,37.825301,27.54113,32.373947,0.03091,0.017578,0.013332,0,1,0,0,0,1,1,1,1,1,1,1
61815,25,0.633446,8946,1728,62,252,9,8,24,20,255,255,373,86,0,0,1498.179368,37.825301,27.54113,32.373947,0.03091,0.017578,0.013332,0,1,0,0,0,1,1,1,1,1,1,1
3279,25,3.463469,681475,4978,62,252,257,8,522,94,255,255,1306,53,0,0,836.666967,50.756754,6.647733,36.842711,0.033009,0.019041,0.013968,0,1,0,0,0,2,1,1,1,1,1,1
22777,80,0.220231,1010,268,254,252,2,1,10,6,255,255,101,45,0,0,1224.786199,60.910078,23.024333,42.212199,0.031175,0.00916,0.022015,0,1,0,0,0,1,1,1,1,1,1,1
19962,21,1.299868,1174,1640,62,252,7,9,22,22,255,255,53,75,0,0,3276.782343,3789.073928,61.898475,61.511811,0.05338,0.007373,0.046007,0,1,0,0,0,3,2,2,2,1,1,2
19962,21,1.299868,1174,1640,62,252,7,9,22,22,255,255,53,75,0,0,3276.782343,3789.073928,61.898475,61.511811,0.05338,0.007373,0.046007,0,1,0,0,0,3,2,2,2,1,1,2
7107,55869,0.632235,364,960,62,252,1,2,8,8,255,255,46,120,0,0,6265.091261,176.900531,90.319283,83.549711,0.092209,0.04669,0.045519,0,1,0,0,0,3,2,2,2,1,1,2
7107,55869,0.632235,364,960,62,252,1,2,8,8,255,255,46,120,0,0,6265.091261,176.900531,90.319283,83.549711,0.092209,0.04669,0.045519,0,1,0,0,0,3,2,2,2,1,1,2
22178,80,0.228821,804,2790,62,252,2,2,10,8,255,255,80,349,0,0,1372.522789,55.053242,25.424556,30.475428,0.055741,0.011245,0.044496,0,1,0,0,0,2,2,1,1,1,1,1
22178,80,0.228821,804,2790,62,252,2,2,10,8,255,255,80,349,0,0,1372.522789,55.053242,25.424556,30.475428,0.055741,0.011245,0.044496,0,1,0,0,0,2,2,1,1,1,1,1
31030,80,0.269558,796,1226,62,252,2,2,10,8,255,255,80,153,0,0,1484.460873,55.345105,29.950889,37.591715,0.051491,0.005729,0.045762,0,1,0,0,0,2,5,1,1,1,1,1
38624,5038,0.411072,776,964,254,252,3,4,12,12,255,255,65,80,0,0,1979.245548,45.784418,37.370183,32.147,0.060628,0.029995,0.030633,0,1,0,0,0,11,1,1,3,1,1,1
48124,80,0.350664,1274,2990,62,252,3,3,12,10,255,255,106,299,0,0,1582.670008,49.600699,31.878544,35.544445,0.082947,0.030132,0.052815,0,1,0,0,0,1,1,1,1,1,1,1
18427,80,0.363643,770,5952,62,252,2,3,10,10,255,255,77,595,0,0,1952.525195,2380.813149,40.404778,35.562889,0.096111,0.04275,0.053361,0,1,0,0,0,6,7,1,1,1,1,1
26025,143,1.805606,1028,3052,62,252,6,7,18,18,255,255,57,170,0,0,6618.338926,146.134594,106.212118,84.246469,0.740745,0.343401,0.397344,0,1,0,0,0,1,1,1,1,1,1,1
39645,110,1.878405,1400,98318,62,252,7,43,30,90,255,255,47,1092,0,0,3188.539602,1776.930862,64.772583,19.803326,0.156677,0.102301,0.054376,0,1,0,0,0,7,1,1,2,1,1,1
68,67,0.000011,320,0,254,0,0,0,2,0,0,0,160,0,0,0,0,0,0.011,0,0,0,0,0,2,0,0,0,2,1,1,2,1,1,1
37897,80,0.379278,25074,354,254,252,10,1,26,8,255,255,964,44,0,0,1211.200113,68.756531,15.1466,43.935,0.111984,0.071723,0.040261,0,1,0,0,0,6,3,1,2,1,1,1
61349,143,5.703365,3354,476357,62,252,6,186,72,376,255,255,47,1267,0,0,5075.876528,2189.213617,80.329086,15.047176,0.118266,0.059981,0.058285,0,1,0,0,0,6,3,1,2,1,1,1
13455,524,0.537525,2396,268,254,252,3,1,12,6,255,255,200,45,0,0,2354.124335,140.896813,46.463092,91.166797,0.165657,0.081687,0.08397,0,1,0,0,0,2,1,1,1,1,1,1
6041,5555,0.69786,748,354,254,252,2,1,10,8,255,255,75,44,0,0,4697.45763,138.588203,77.54,91.222141,0.137706,0.058508,0.079198,0,1,0,0,0,1,1,1,1,1,1,1
59094,80,0.444014,818,2214,62,252,2,2,10,8,255,255,82,277,0,0,2594.669751,71.56543,49.334889,50.989145,0.135815,0.073994,0.061821,0,1,0,0,0,1,1,1,1,1,1,1
16621,143,1.558939,1026,5706,62,252,6,8,18,20,255,255,57,285,0,0,4572.803667,4111.43299,91.702294,76.00795,0.168871,0.094876,0.073995,0,1,0,0,0,1,2,2,1,1,1,1
16016,80,0.698746,746,4206,62,252,2,3,10,10,255,255,75,421,0,0,3989.830558,5006.325131,77.547222,66.219444,0.190054,0.102769,0.087285,0,1,0,0,0,6,2,2,2,1,1,1
45778,25,1.994918,4993,1828,254,252,9,8,24,20,255,255,208,91,0,0,4601.1766,121.04225,86.735567,98.170367,0.24446,0.114508,0.129952,0,1,0,0,0,2,2,1,1,1,1,1
20512,80,0.440647,844,268,254,252,2,1,10,6,255,255,84,45,0,0,1794.372143,98.719445,35.947667,79.823797,0.077729,0.041524,0.036205,0,1,0,0,0,1,1,1,1,1,1,1
55252,25,2.475941,2354,1772,62,252,7,8,20,20,255,255,118,89,0,0,6606.543216,118.977039,130.261525,105.067578,0.589373,0.479654,0.109719,0,1,0,0,0,6,1,1,1,1,1,1
27713,80,1.023883,980,41934,62,252,2,16,14,36,255,255,70,1165,0,0,3758.615525,2583.010559,78.750077,26.906114,0.174678,0.082165,0.092513,0,1,0,0,0,3,1,1,1,1,1,1
49630,80,1.147956,1328,33456,62,252,3,13,14,32,255,255,95,1046,0,0,5716.672416,3404.445698,88.30431,34.613678,0.129674,0.043822,0.085852,0,1,0,0,0,3,1,1,1,1,1,1
60296,80,0.570024,844,5750,62,252,2,3,10,10,255,255,84,575,0,0,3057.77068,3341.174053,63.336,47.029,0.169085,0.087334,0.081751,0,1,0,0,0,3,2,1,1,1,1,1
39392,143,9.587313,1338,3730,62,252,6,7,26,20,255,255,51,187,0,0,39493.62828,1298.399625,383.45495,501.47225,0.131502,0.059338,0.072164,0,1,0,0,0,1,1,1,1,1,1,1
46984,21,0.684124,616,268,254,252,2,1,10,6,255,255,62,45,0,0,3669.731402,159.480266,68.752222,110.257797,0.234803,0.13283,0.101973,0,1,0,0,0,2,2,1,1,1,1,1
40707,80,0.80589,822,4238,62,252,2,3,10,12,255,255,82,353,0,0,5641.085036,4223.30055,89.543333,62.007273,0.151763,0.083922,0.067841,0,1,0,0,0,2,1,1,1,1,1,1
22984,80,0.95188,904,2572,62,252,2,2,10,8,255,255,90,322,0,0,5349.858195,217.36675,105.764444,118.82843,0.235615,0.11931,0.116305,0,1,0,0,0,1,1,1,1,1,1,1
28833,80,0.512195,782,1918,62,252,2,2,10,8,255,255,78,240,0,0,3096.718805,89.340664,56.910556,65.91543,0.148317,0.049967,0.09835,0,1,0,0,0,1,2,1,1,1,1,1
14333,25,8.039647,6959,2206,62,252,9,8,26,26,255,255,268,85,0,0,30680.70132,880.060438,320.431565,317.933156,0.185692,0.091314,0.094378,0,1,0,0,0,2,1,1,1,1,1,1
14333,25,8.039647,6959,2206,62,252,9,8,26,26,255,255,268,85,0,0,30680.70132,880.060438,320.431565,317.933156,0.185692,0.091314,0.094378,0,1,0,0,0,2,1,1,1,1,1,1
14333,25,8.039647,6959,2206,62,252,9,8,26,26,255,255,268,85,0,0,30680.70132,880.060438,320.431565,317.933156,0.185692,0.091314,0.094378,0,1,0,0,0,2,1,1,1,1,1,1
23180,80,0.792064,828,11246,62,252,2,5,10,16,255,255,83,703,0,0,4925.627127,4855.492422,88.007111,46.770667,0.098235,0.059284,0.038951,0,1,0,0,0,4,2,2,1,1,1,1
49207,80,0.540392,2316,1024,254,252,3,2,12,8,255,255,193,128,0,0,2354.378891,86.063023,49.049729,70.84143,0.097671,0.044496,0.053175,0,1,0,0,0,4,3,2,1,1,1,1
37534,445,6.51571,8280,2658,254,252,8,7,22,20,255,255,376,133,0,0,28286.63639,931.697437,310.271914,338.52725,0.192734,0.082724,0.11001,0,1,0,0,0,2,3,2,1,1,1,1
35167,80,0.699252,794,5992,62,252,2,3,10,12,255,255,79,499,0,0,4929.939752,3950.492013,77.694667,57.455092,0.125395,0.066529,0.058866,0,1,0,0,0,4,2,1,1,1,1,1
43936,5168,0.461408,4028,468,254,252,4,2,14,8,255,255,288,59,0,0,1995.332493,82.422836,35.491693,60.15657,0.106141,0.040294,0.065847,0,1,0,0,0,1,1,1,1,1,1,1
9883,56907,0.597064,364,974,62,252,1,2,8,8,255,255,46,122,0,0,5528.315443,145.712281,85.220714,80.436859,0.087929,0.033999,0.05393,0,1,0,0,0,4,2,2,2,1,1,2
9883,56907,0.597064,364,974,62,252,1,2,8,8,255,255,46,122,0,0,5528.315443,145.712281,85.220714,80.436859,0.087929,0.033999,0.05393,0,1,0,0,0,4,2,2,2,1,1,2
4989,21,2.406917,1268,1630,62,252,7,9,24,22,255,255,53,74,0,0,6048.759294,7208.716466,104.637003,112.781951,0.069803,0.038477,0.031326,0,1,0,0,0,4,2,2,2,1,1,2
4989,21,2.406917,1268,1630,62,252,7,9,24,22,255,255,53,74,0,0,6048.759294,7208.716466,104.637003,112.781951,0.069803,0.038477,0.031326,0,1,0,0,0,4,2,2,2,1,1,2
37164,80,4.80825,3876,631364,62,252,2,241,82,486,255,255,47,1299,0,0,3037.17303,1375.287582,59.35032,9.7948,0.099157,0.057757,0.0414,0,1,0,0,0,3,2,1,1,1,1,1
38925,25,1.702633,21469,1792,62,252,14,8,34,22,255,255,631,81,0,0,3117.220383,90.080992,51.578484,77.531766,0.147223,0.074453,0.07277,0,1,0,0,0,6,2,1,2,1,1,1
54173,25,2.170616,115541,2328,62,252,50,8,106,32,255,255,1090,73,0,0,1850.998665,76.478078,20.672533,68.830484,0.068902,0.03604,0.032862,0,1,0,0,0,3,1,1,1,1,1,1
58043,80,8.188843,6542,1169559,62,252,2,442,142,890,255,255,46,1314,0,0,2954.57923,1176.829367,58.076901,9.15046,0.162048,0.05337,0.108678,0,1,0,0,0,3,7,2,1,1,1,1
58707,25,1.912035,48633,2090,62,252,24,8,54,24,255,255,901,87,0,0,2671.813722,88.802344,36.076133,76.599914,0.18516,0.14966,0.0355,0,1,0,0,0,2,1,1,1,1,1,1
55843,998,0.790274,13154,354,254,252,6,1,18,8,255,255,731,44,0,0,3908.754798,126.958422,44.355117,101.21457,0.131709,0.081771,0.049938,0,1,0,0,0,2,6,2,1,1,1,1
2683,80,0.59869,820,1754,62,252,2,2,10,8,255,255,82,219,0,0,3584.657588,153.359344,66.521111,75.18757,0.124401,0.060385,0.064016,0,1,0,0,0,2,2,1,1,1,1,1
38707,80,0.371049,1134,268,254,252,2,1,10,6,255,255,113,45,0,0,1854.55725,101.020461,36.816222,69.760797,0.089528,0.022224,0.067304,0,1,0,0,0,1,2,1,1,1,1,1
58661,80,0.397939,4748,268,254,252,3,1,12,6,255,255,396,45,0,0,1863.967887,87.175867,32.799819,62.937398,0.11518,0.083234,0.031946,0,1,0,0,0,9,1,1,2,1,1,1
11757,80,0.394844,882,268,254,252,2,1,10,6,255,255,88,45,0,0,2060.636901,99.675859,38.442111,71.380203,0.071643,0.037922,0.033721,0,1,0,0,0,9,1,1,2,1,1,1
63341,8042,0.331892,1960,3492,254,252,2,3,10,10,255,255,196,349,0,0,2052.240104,1840.883914,36.876889,29.441667,0.118231,0.0662,0.052031,0,1,0,0,0,1,5,2,1,1,1,1
61102,777,0.764707,76185,612,254,252,29,1,64,14,255,255,1190,44,0,0,1190.52121,81.786148,11.757349,54.267078,0.141077,0.059227,0.08185,0,1,0,0,0,2,1,1,1,1,1,1
22987,25,1.582328,41102,1870,62,252,21,8,48,24,255,255,856,78,0,0,2688.651111,97.845648,33.666553,66.332086,0.124526,0.056025,0.068501,0,1,0,0,0,2,2,1,1,1,1,1
19771,80,0.64289,848,268,254,252,2,1,10,6,255,255,85,45,0,0,3416.548607,165.915875,64.203889,107.601602,0.156828,0.104861,0.051967,0,1,0,0,0,2,2,1,1,1,1,1
63907,1812,0.000012,636,0,254,0,0,0,2,0,0,0,318,0,0,0,0,0,0.012,0,0,0,0,0,2,0,0,0,2,1,1,1,1,1,1
26670,80,0.537612,888,354,254,252,2,1,10,8,255,255,89,44,0,0,3326.836021,113.235383,54.126889,65.947,0.130749,0.075972,0.054777,0,1,0,0,0,2,1,1,1,1,1,1
61980,80,0.510924,66949,526,254,252,25,1,56,12,255,255,1196,44,0,0,890.608699,55.110961,8.812709,40.780637,0.118444,0.062326,0.056118,0,1,0,0,0,1,1,1,1,1,1,1
53066,80,0.558848,794,6798,62,252,2,4,10,14,255,255,79,486,0,0,3779.376221,3149.359056,62.094222,38.441385,0.121613,0.058328,0.063285,0,1,0,0,0,1,1,1,1,1,1,1
64811,80,0.279588,840,2168,62,252,2,2,10,8,255,255,84,271,0,0,1606.103273,55.046078,31.065333,35.841285,0.081635,0.028022,0.053613,0,1,0,0,0,2,2,1,1,1,1,1
28280,5060,0.475311,3558,354,254,252,3,1,12,8,255,255,297,44,0,0,2957.143121,110.686984,41.562637,60.68457,0.097679,0.05047,0.047209,0,1,0,0,0,2,2,1,1,1,1,1
54534,80,0.213645,830,7314,62,252,2,4,10,12,255,255,83,610,0,0,1204.385681,1613.384548,23.738333,17.772272,0.058674,0.010229,0.048445,0,1,0,0,0,1,1,1,1,1,1,1
61636,80,2.32289,3010,474345,62,252,2,181,62,366,255,255,49,1296,0,0,1839.557044,764.817217,38.080162,6.312636,0.067992,0.018048,0.049944,0,1,0,0,0,2,1,1,1,1,1,1
21524,80,0.359825,4868,2602,254,252,4,2,14,8,255,255,348,325,0,0,1476.981244,68.146484,25.919769,49.79143,0.060508,0.011274,0.049234,0,1,0,0,0,2,1,1,1,1,1,1
35165,80,0.323322,810,5978,62,252,2,3,10,10,255,255,81,598,0,0,1732.845576,2255.488457,35.924667,33.565556,0.070876,0.020456,0.05042,0,1,0,0,0,1,1,1,1,1,1,1
12509,143,0.956492,1192,41276,62,252,6,21,22,46,255,255,54,897,0,0,2256.08223,1575.173309,45.547239,20.868245,0.079222,0.016665,0.062557,0,1,0,0,0,1,1,1,1,1,1,1
36567,23,1.674864,1034,708,254,252,4,4,16,14,255,255,65,51,0,0,7110.426745,246.861297,111.594265,125.821156,0.093324,0.039187,0.054137,0,1,0,0,0,2,1,1,1,1,1,1
50922,8080,0.180171,2092,268,254,252,2,1,10,6,255,255,209,45,0,0,1060.870408,52.688082,20.019,28.5274,0.038778,0.027319,0.011459,0,1,0,0,0,5,1,1,1,1,1,1
40384,80,0.718251,890,19518,62,252,2,8,12,20,255,255,74,976,0,0,4844.533549,4194.42513,65.295545,34.196474,0.123563,0.067786,0.055777,0,1,0,0,0,2,2,1,1,1,1,1
23385,25,1.443597,53738,1836,62,252,26,8,60,24,255,255,896,77,0,0,2199.764578,93.904313,24.467746,59.350348,0.120343,0.05934,0.061003,0,1,0,0,0,5,1,1,1,1,1,1
23385,25,1.443597,53738,1836,62,252,26,8,60,24,255,255,896,77,0,0,2199.764578,93.904313,24.467746,59.350348,0.120343,0.05934,0.061003,0,1,0,0,0,5,1,1,1,1,1,1
64834,55126,0.429719,364,910,62,252,1,2,8,8,255,255,46,114,0,0,4266.867688,116.982578,61.388426,58.691,0.062615,0.013587,0.049028,0,1,0,0,0,5,2,2,3,1,1,2
64834,55126,0.429719,364,910,62,252,1,2,8,8,255,255,46,114,0,0,4266.867688,116.982578,61.388426,58.691,0.062615,0.013587,0.049028,0,1,0,0,0,5,2,2,3,1,1,2
53901,21,1.161586,1112,1646,62,252,7,9,20,22,255,255,56,75,0,0,3154.931083,2855.32746,61.136107,53.700143,0.064085,0.014831,0.049254,0,1,0,0,0,5,2,2,3,1,1,2
53901,21,1.161586,1112,1646,62,252,7,9,20,22,255,255,56,75,0,0,3154.931083,2855.32746,61.136107,53.700143,0.064085,0.014831,0.049254,0,1,0,0,0,5,2,2,3,1,1,2
12887,21,1.121542,1112,1640,62,252,7,9,20,22,255,255,56,75,0,0,3068.009481,2687.062484,59.028525,53.006859,0.053272,0.007786,0.045486,0,1,0,0,0,3,2,2,2,1,1,2
12887,21,1.121542,1112,1640,62,252,7,9,20,22,255,255,56,75,0,0,3068.009481,2687.062484,59.028525,53.006859,0.053272,0.007786,0.045486,0,1,0,0,0,3,2,2,2,1,1,2
43894,61174,0.416314,364,15360,62,252,1,7,8,18,255,255,46,853,0,0,3740.168782,2449.786419,59.473431,22.277411,0.056627,0.011031,0.045596,0,1,0,0,0,3,2,2,2,1,1,2
43894,61174,0.416314,364,15360,62,252,1,7,8,18,255,255,46,853,0,0,3740.168782,2449.786419,59.473431,22.277411,0.056627,0.011031,0.045596,0,1,0,0,0,3,2,2,2,1,1,2
6904,80,0.176807,996,268,254,252,2,1,10,6,255,255,100,45,0,0,978.691075,42.115406,19.440667,27.927801,0.058939,0.037164,0.021775,0,1,0,0,0,1,1,1,1,1,1,1
30051,80,0.397823,882,354,254,252,2,1,10,8,255,255,88,44,0,0,2990.098099,94.537148,43.742444,50.10643,0.091437,0.047074,0.044363,0,1,0,0,0,2,1,1,1,1,1,1
4019,80,0.161749,990,268,254,252,2,1,10,6,255,255,99,45,0,0,1034.966705,45.95898,15.966111,28.996801,0.031026,0.016754,0.014272,0,1,0,0,0,3,1,1,1,1,1,1
31159,25,4.688354,921927,6256,62,252,343,8,692,122,255,255,1332,51,0,0,825.846127,51.776187,6.784883,38.315926,0.09828,0.051414,0.046866,0,1,0,0,0,3,1,1,1,1,1,1
26223,80,0.232177,816,8714,62,252,2,4,10,12,255,255,82,726,0,0,1227.251986,1603.43105,25.797444,20.535818,0.051384,0.005557,0.045827,0,1,0,0,0,3,1,1,1,1,1,1
35680,110,0.86664,1228,61232,62,252,7,29,26,62,255,255,47,988,0,0,1749.102636,1107.453987,34.6656,13.883803,0.05155,0.006663,0.044887,0,1,0,0,0,1,1,1,1,1,1,1
48476,80,0.179752,776,4236,62,252,2,3,10,10,255,255,78,424,0,0,1052.360512,1487.295098,19.972444,17.209556,0.067057,0.019631,0.047426,0,1,0,0,0,1,1,1,1,1,1,1
49885,80,0.229234,962,8736,62,252,2,4,10,12,255,255,96,728,0,0,1276.18678,1463.520055,25.470444,18.899364,0.031047,0.020595,0.010452,0,1,0,0,0,1,2,1,1,1,1,1
51269,80,0.415975,49763,526,254,252,20,1,46,12,255,255,1082,44,0,0,1091.523352,64.022336,8.927489,35.675184,0.037245,0.023525,0.01372,0,1,0,0,0,1,2,1,1,1,1,1
25243,143,2.736457,3674,564068,62,252,6,214,80,432,255,255,46,1306,0,0,1776.332441,731.447833,34.638695,6.320868,0.051109,0.007235,0.043874,0,1,0,0,0,1,1,1,1,1,1,1
38361,25,0.746971,4702,1628,62,252,8,8,22,20,255,255,214,81,0,0,1848.843415,48.667457,35.570047,38.770684,0.051831,0.006013,0.045818,0,1,0,0,0,1,1,1,1,1,1,1
51117,80,0.271036,46750,440,254,252,18,1,42,10,255,255,1113,44,0,0,655.344588,53.319051,6.233171,29.416223,0.051368,0.006279,0.045089,0,1,0,0,0,2,1,1,1,1,1,1
64874,25,0.7996,2346,1706,62,252,7,8,20,20,255,255,117,85,0,0,2040.578477,49.225516,42.084209,40.906789,0.053874,0.006222,0.047652,0,1,0,0,0,1,2,1,1,1,1,1
63989,80,0.375825,1262,3352,62,252,3,3,12,10,255,255,105,335,0,0,1676.834311,51.614969,34.109089,39.655777,0.032066,0.018912,0.013154,0,1,0,0,0,2,1,1,1,1,1,1
51161,80,1.478064,2258,318262,62,252,2,121,44,246,255,255,51,1294,0,0,1731.272859,739.807691,34.373581,5.982098,0.057612,0.011587,0.046025,0,1,0,0,0,2,2,1,1,1,1,1
50020,25,0.78936,10822,1822,62,252,10,8,26,20,255,255,416,91,0,0,1798.68802,50.130281,31.5744,41.069473,0.051632,0.005723,0.045909,0,1,0,0,0,2,1,1,1,1,1,1
41765,80,0.198401,824,6626,62,252,2,4,10,12,255,255,82,552,0,0,1159.282512,1593.828973,22.044556,17.037273,0.052045,0.007015,0.04503,0,1,0,0,0,2,1,1,1,1,1,1
19667,25,0.681554,5875,1668,62,252,9,8,24,20,255,255,245,83,0,0,1676.223586,43.661332,29.632783,35.119578,0.024266,0.01365,0.010616,0,1,0,0,0,2,1,1,1,1,1,1
19667,25,0.681554,5875,1668,62,252,9,8,24,20,255,255,245,83,0,0,1676.223586,43.661332,29.632783,35.119578,0.024266,0.01365,0.010616,0,1,0,0,0,2,1,1,1,1,1,1
26024,80,0.203304,810,12896,62,252,2,6,10,16,255,255,81,806,0,0,1155.945208,0,22.589333,11.303933,0.043304,0.021786,0.021518,0,1,0,0,0,2,1,1,1,1,1,1
32226,110,5.189752,6142,1071374,62,252,7,400,140,804,255,255,44,1333,0,0,2449.651343,1030.086663,37.336345,6.455137,0.051343,0.005559,0.045784,0,1,0,0,0,2,1,1,1,1,1,1
53306,80,0.234674,812,1874,62,252,2,2,10,8,255,255,81,234,0,0,1466.261674,55.740492,26.074889,32.058572,0.051552,0.006537,0.045015,0,1,0,0,0,1,1,1,1,1,1,1
13930,25,0.836654,3202,1832,62,252,7,8,20,20,255,255,160,92,0,0,2097.845596,49.260109,44.034419,43.684895,0.050293,0.005991,0.044302,0,1,0,0,0,1,1,1,1,1,1,1
34384,80,0.217267,800,3526,62,252,2,2,10,10,255,255,80,353,0,0,1150.094101,1682.596388,24.140778,23.373444,0.050562,0.005855,0.044707,0,1,0,0,0,2,2,1,1,1,1,1
48565,21,1.119889,1170,1632,62,252,7,9,22,22,255,255,53,74,0,0,3041.688587,3738.43776,53.328048,52.803475,0.05008,0.006065,0.044015,0,1,0,0,0,3,2,2,2,1,1,2
36478,53833,0.524623,364,3754,62,252,1,3,8,10,255,255,46,375,0,0,5117.51415,4368.430212,74.946143,51.946556,0.098506,0.054252,0.044254,0,1,0,0,0,3,2,2,2,1,1,2
36478,53833,0.524623,364,3754,62,252,1,3,8,10,255,255,46,375,0,0,5117.51415,4368.430212,74.946143,51.946556,0.098506,0.054252,0.044254,0,1,0,0,0,3,2,2,2,1,1,2
48565,21,1.119889,1170,1632,62,252,7,9,22,22,255,255,53,74,0,0,3041.688587,3738.43776,53.328048,52.803475,0.05008,0.006065,0.044015,0,1,0,0,0,3,2,2,2,1,1,2
61795,80,0.442272,956,24014,62,252,2,9,12,22,255,255,80,1092,0,0,2690.422681,2520.790221,40.206546,20.476001,0.022879,0.011567,0.011312,0,1,0,0,0,3,1,1,1,1,1,1
11163,25,0.708319,9746,1706,62,252,9,8,24,20,255,255,406,85,0,0,1661.694482,45.541969,30.796477,36.675262,0.051112,0.006463,0.044649,0,1,0,0,0,1,1,1,1,1,1,1
26634,33244,0.002012,2304,0,254,0,0,0,4,0,0,0,576,0,0,0,0.935744,0,0.670667,0,0,0,0,0,2,0,0,0,2,2,2,2,1,1,2
49842,111,0.010968,168,112,254,60,0,0,2,2,0,0,84,56,0,0,0,0,0.012,0.009,0,0,0,0,3,0,0,0,2,2,2,2,1,1,2
49344,80,0.19742,802,9824,62,252,2,5,10,14,255,255,80,702,0,0,1153.888893,1350.54455,21.935556,13.736308,0.060843,0.014647,0.046196,0,1,0,0,0,2,2,2,1,1,1,1
6762,25,0.784985,3506,1934,62,252,7,8,20,20,255,255,175,97,0,0,2009.115889,48.008969,41.314999,40.168,0.051256,0.007149,0.044107,0,1,0,0,0,1,2,1,1,1,1,1
10025,23,0.39707,798,518,254,252,4,3,14,10,255,255,57,52,0,0,1550.965068,59.860855,29.402692,43.419445,0.054703,0.006284,0.048419,0,1,0,0,0,1,1,1,1,1,1,1
45195,80,0.471591,852,4846,62,252,2,3,10,12,255,255,85,404,0,0,3415.924647,2812.79226,52.399,39.339273,0.077462,0.037985,0.039477,0,1,0,0,0,38,1,1,2,1,1,1
4509,80,0.243572,948,17606,62,252,2,7,12,18,255,255,79,978,0,0,1135.053007,1260.905258,22.142909,13.078765,0.068481,0.020402,0.048079,0,1,0,0,0,2,1,1,1,1,1,1
27993,25,0.979453,2997,1746,62,252,8,8,22,20,255,255,136,87,0,0,2618.492819,80.846008,46.64062,48.683789,0.093225,0.047422,0.045803,0,1,0,0,0,2,1,1,1,1,1,1
6183,998,0.349543,35244,354,254,252,14,1,34,8,255,255,1037,44,0,0,1173.484527,72.211383,10.192849,48.833145,0.053029,0.007701,0.045328,0,1,0,0,0,1,1,1,1,1,1,1
36584,80,0.1877,1064,268,254,252,2,1,10,6,255,255,106,45,0,0,1028.94939,61.604715,19.070667,36.206,0.051024,0.006658,0.044366,0,1,0,0,0,4,1,1,1,1,1,1
54897,80,0.270552,798,1710,62,252,2,2,10,8,255,255,80,214,0,0,1487.43368,52.878699,30.061333,37.087145,0.054351,0.010123,0.044228,0,1,0,0,0,4,1,1,1,1,1,1
34444,80,0.181388,900,268,254,252,2,1,10,6,255,255,90,45,0,0,993.848933,59.746234,18.467333,34.752801,0.051812,0.007612,0.0442,0,1,0,0,0,1,2,1,1,1,1,1
56520,25,0.938324,44635,1940,62,252,23,8,52,24,255,255,858,81,0,0,1285.125923,44.504254,18.39851,40.197348,0.057205,0.012979,0.044226,0,1,0,0,0,1,1,1,1,1,1,1
64933,23,0.225509,500,416,254,252,2,2,10,8,255,255,50,52,0,0,1354.574382,43.55027,23.651333,31.188285,0.051781,0.00718,0.044601,0,1,0,0,0,3,1,1,1,1,1,1
42766,21,0.98101,1096,1626,62,252,7,9,20,22,255,255,55,74,0,0,2687.98188,2485.389682,51.632104,46.090333,0.059077,0.012676,0.046401,0,1,0,0,0,3,3,3,2,1,1,2
42766,21,0.98101,1096,1626,62,252,7,9,20,22,255,255,55,74,0,0,2687.98188,2485.389682,51.632104,46.090333,0.059077,0.012676,0.046401,0,1,0,0,0,3,3,3,2,1,1,2
51521,58104,0.330045,364,3754,62,252,1,3,8,10,255,255,46,375,0,0,3221.45266,3145.768624,47.149285,35.710778,0.054376,0.008036,0.04634,0,1,0,0,0,3,3,3,2,1,1,2
51521,58104,0.330045,364,3754,62,252,1,3,8,10,255,255,46,375,0,0,3221.45266,3145.768624,47.149285,35.710778,0.054376,0.008036,0.04634,0,1,0,0,0,3,3,3,2,1,1,2
47454,25,0.763197,13246,1636,62,252,11,8,28,20,255,255,473,82,0,0,1651.0101,47.15066,28.266556,39.557949,0.050792,0.006145,0.044647,0,1,0,0,0,1,1,1,1,1,1,1
24176,80,0.429575,1086,71573,62,252,2,28,16,60,255,255,68,1193,0,0,1390.964309,843.482161,28.638334,6.870983,0.051752,0.007515,0.044237,0,1,0,0,0,3,1,1,1,1,1,1
29291,80,0.229758,748,4206,62,252,2,2,10,10,255,255,75,421,0,0,1212.82907,1764.384318,25.528667,24.666334,0.061378,0.006953,0.054425,0,1,0,0,0,3,1,1,1,1,1,1
59811,80,0.319053,1270,9422,62,252,3,5,12,14,255,255,106,673,0,0,1496.953233,1746.795375,29.004818,23.256922,0.050591,0.005895,0.044696,0,1,0,0,0,3,1,1,1,1,1,1
53129,139,1.082631,6878,3294,254,252,12,11,30,26,255,255,229,127,0,0,1872.000931,51.806957,37.332104,43.001719,0.052638,0.006781,0.045857,0,1,0,0,0,3,1,1,1,1,1,1
42847,80,0.193101,1026,268,254,252,2,1,10,6,255,255,103,45,0,0,1173.76326,60.962961,19.855444,36.322602,0.022486,0.011476,0.01101,0,1,0,0,0,3,1,1,1,1,1,1
3535,80,0.22762,766,994,62,252,2,2,10,8,255,255,77,124,0,0,1373.460035,55.137527,25.291111,30.765,0.052665,0.007447,0.045218,0,1,0,0,0,3,1,1,1,1,1,1
64620,80,0.310843,790,2184,62,252,2,2,10,8,255,255,79,273,0,0,1707.493527,56.263852,34.538111,43.14143,0.052508,0.008034,0.044474,0,1,0,0,0,1,1,1,1,1,1,1
56995,16388,0.176132,804,268,254,252,2,1,10,6,255,255,80,45,0,0,959.702552,57.808746,17.850444,33.896,0.051543,0.006634,0.044909,0,1,0,0,0,1,1,1,1,1,1,1
29597,80,0.241559,774,1354,62,252,2,2,10,8,255,255,77,169,0,0,1414.076731,53.541656,26.839889,31.934715,0.050309,0.006244,0.044065,0,1,0,0,0,2,1,1,1,1,1,1
1306,69,0.000017,90,0,254,0,0,0,2,0,0,0,45,0,0,0,0,0,0.017,0,0,0,0,0,2,0,0,0,2,1,1,1,1,1,1
64828,60924,0.542349,364,1276,62,252,1,2,8,8,255,255,46,160,0,0,5331.255899,163.403469,77.478429,70.588,0.094709,0.047558,0.047151,0,1,0,0,0,5,2,2,2,1,1,2
64828,60924,0.542349,364,1276,62,252,1,2,8,8,255,255,46,160,0,0,5331.255899,163.403469,77.478429,70.588,0.094709,0.047558,0.047151,0,1,0,0,0,5,2,2,2,1,1,2
31831,21,1.211197,1190,1638,62,252,7,9,22,22,255,255,54,74,0,0,3066.264351,3718.382647,57.676049,57.342951,0.052215,0.006233,0.045982,0,1,0,0,0,5,2,2,2,1,1,2
31831,21,1.211197,1190,1638,62,252,7,9,22,22,255,255,54,74,0,0,3066.264351,3718.382647,57.676049,57.342951,0.052215,0.006233,0.045982,0,1,0,0,0,5,2,2,2,1,1,2
16325,80,0.291601,804,974,62,252,2,2,10,8,255,255,80,122,0,0,1703.185578,57.823617,32.400111,37.43457,0.028643,0.014289,0.014354,0,1,0,0,0,5,2,2,2,2,1,2
53055,80,0.298914,806,1996,62,252,2,2,10,8,255,255,81,250,0,0,1795.499808,56.443957,33.212667,31.710428,0.11923,0.072623,0.046607,0,1,0,0,0,5,2,2,2,2,1,2
28567,21,1.291469,1166,1668,62,252,7,9,22,22,255,255,53,76,0,0,3331.363547,3742.58926,61.498525,59.917571,0.02659,0.014166,0.012424,0,1,0,0,0,3,2,2,2,1,1,2
28567,21,1.291469,1166,1668,62,252,7,9,22,22,255,255,53,76,0,0,3331.363547,3742.58926,61.498525,59.917571,0.02659,0.014166,0.012424,0,1,0,0,0,3,2,2,2,1,1,2
61031,64184,0.579786,364,914,62,252,1,2,8,8,255,255,46,114,0,0,5356.033856,151.072516,82.826571,71.39357,0.093104,0.047776,0.045328,0,1,0,0,0,3,2,2,2,1,1,2
61031,64184,0.579786,364,914,62,252,1,2,8,8,255,255,46,114,0,0,5356.033856,151.072516,82.826571,71.39357,0.093104,0.047776,0.045328,0,1,0,0,0,3,2,2,2,1,1,2
46528,143,0.679092,994,11474,62,252,6,10,18,24,255,255,55,478,0,0,1957.508639,1725.683165,39.946588,29.180391,0.060596,0.007424,0.053172,0,1,0,0,0,3,1,1,1,1,1,1
46528,143,0.679092,994,11474,62,252,6,10,18,24,255,255,55,478,0,0,1957.508639,1725.683165,39.946588,29.180391,0.060596,0.007424,0.053172,0,1,0,0,0,3,1,1,1,1,1,1
46528,143,0.679092,994,11474,62,252,6,10,18,24,255,255,55,478,0,0,1957.508639,1725.683165,39.946588,29.180391,0.060596,0.007424,0.053172,0,1,0,0,0,3,1,1,1,1,1,1
58673,64602,0.557304,364,852,62,252,1,2,8,8,255,255,46,107,0,0,5156.48845,135.992203,79.614855,72.679859,0.093215,0.047083,0.046132,0,1,0,0,0,4,2,2,3,1,1,2
58673,64602,0.557304,364,852,62,252,1,2,8,8,255,255,46,107,0,0,5156.48845,135.992203,79.614855,72.679859,0.093215,0.047083,0.046132,0,1,0,0,0,4,2,2,3,1,1,2
16644,21,1.21138,1202,1654,62,252,7,9,22,22,255,255,55,75,0,0,3137.742193,3666.135453,57.684763,56.911621,0.052079,0.00798,0.044099,0,1,0,0,0,4,2,2,3,1,1,2
16644,21,1.21138,1202,1654,62,252,7,9,22,22,255,255,55,75,0,0,3137.742193,3666.135453,57.684763,56.911621,0.052079,0.00798,0.044099,0,1,0,0,0,4,2,2,3,1,1,2
45075,80,0.374279,1394,12234,62,252,3,5,12,16,255,255,116,765,0,0,1831.737431,1710.845233,34.025362,23.058,0.02754,0.014871,0.012669,0,1,0,0,0,4,1,1,3,1,1,1
61225,110,0.781195,1030,30768,62,252,7,17,22,38,255,255,47,810,0,0,1912.805522,1401.950593,37.19976,20.674946,0.030616,0.01542,0.015196,0,1,0,0,0,2,1,1,1,1,1,1
61225,110,0.781195,1030,30768,62,252,7,17,22,38,255,255,47,810,0,0,1912.805522,1401.950593,37.19976,20.674946,0.030616,0.01542,0.015196,0,1,0,0,0,2,1,1,1,1,1,1
4943,80,0.284252,1230,7222,62,252,3,5,12,14,255,255,103,516,0,0,1344.935151,1662.276868,25.841091,21.060538,0.05194,0.006604,0.045336,0,1,0,0,0,1,2,1,1,1,1,1
16942,53,0.01359,120,798,62,252,0,0,2,2,0,0,60,399,0,0,0,0,0.011,0.006,0,0,0,0,3,0,0,0,5,5,5,5,5,5,5
16942,53,0.01359,120,798,62,252,0,0,2,2,0,0,60,399,0,0,0,0,0.007,0.011,0,0,0,0,3,0,0,0,5,5,5,5,5,5,5
16942,53,0.01359,120,798,62,252,0,0,2,2,0,0,60,399,0,0,0,0,0.012,0.003,0,0,0,0,3,0,0,0,5,5,5,5,5,5,5
16942,53,0.01359,120,798,62,252,0,0,2,2,0,0,60,399,0,0,0,0,0.011,0.012,0,0,0,0,3,0,0,0,5,5,5,5,5,5,5
16942,53,0.01359,120,798,62,252,0,0,2,2,0,0,60,399,0,0,0,0,0.011,0.008,0,0,0,0,3,0,0,0,5,5,5,5,5,5,5
21381,25,0.999443,98986,2300,62,252,43,8,92,30,255,255,1076,77,0,0,970.653813,42.884652,10.98289,33.976172,0.062277,0.00613,0.056147,0,1,0,0,0,1,2,1,1,1,1,1
4402,80,0.436615,868,18516,62,252,2,8,12,22,255,255,72,842,0,0,2849.753392,2317.865237,39.692273,18.143572,0.115529,0.051338,0.064191,0,1,0,0,0,3,1,1,1,1,1,1
52702,6502,0.837534,212416,1414,254,252,82,2,170,30,255,255,1250,47,0,0,546.314586,37.526871,4.955823,28.523725,0.051213,0.007165,0.044048,0,1,0,0,0,3,1,1,1,1,1,1
23666,110,0.690502,948,3820,62,252,7,8,20,20,255,255,47,191,0,0,1795.02512,43.584496,36.342209,35.822156,0.049607,0.006179,0.043428,0,1,0,0,0,2,1,1,1,1,1,1
14585,80,0.179765,912,268,254,252,2,1,10,6,255,255,91,45,0,0,1062.744757,65.700953,19.973889,33.783,0.052886,0.007515,0.045371,0,1,0,0,0,2,2,1,1,1,1,1
28941,25,1.143257,152546,2078,62,252,62,6,130,32,255,255,1173,65,0,0,835.132397,1764.985096,8.862457,36.607998,0.058154,0.007532,0.050622,0,1,0,0,0,1,1,1,1,1,1,1
17056,80,0.183203,1528,268,254,252,2,1,10,6,255,255,153,45,0,0,1006.930317,60.603273,18.947333,35.230602,0.054077,0.007046,0.047031,0,1,0,0,0,1,1,1,1,1,1,1
17826,143,0.925598,1192,54278,62,252,6,26,22,56,255,255,54,969,0,0,2127.730114,1288.58997,44.076097,16.580291,0.060056,0.008683,0.051373,0,1,0,0,0,2,2,1,1,1,1,1
39698,80,0.192132,918,268,254,252,2,1,10,6,255,255,92,45,0,0,1140.399156,59.342207,19.6,35.236602,0.062643,0.015939,0.046704,0,1,0,0,0,1,1,1,1,1,1,1
21770,25,0.919467,29307,1818,62,252,17,8,40,22,255,255,733,83,0,0,1517.580042,48.149344,23.576076,43.46557,0.051669,0.005959,0.04571,0,1,0,0,0,2,2,1,1,1,1,1
35731,80,0.272128,808,2928,62,252,2,2,10,8,255,255,81,366,0,0,1509.434786,56.009602,30.236444,37.59643,0.05317,0.007821,0.045349,0,1,0,0,0,1,1,1,1,1,1,1
23459,80,0.843751,1488,142403,62,252,2,55,26,114,255,255,57,1249,0,0,1818.088267,950.229926,33.75004,7.26377,0.051457,0.006444,0.045013,0,1,0,0,0,1,1,1,1,1,1,1
56239,25,0.856531,21933,1730,62,252,14,8,34,22,255,255,645,79,0,0,1562.06758,44.751707,25.955484,40.401191,0.051985,0.006607,0.045378,0,1,0,0,0,4,1,1,2,1,1,1
15668,80,0.470918,1058,354,254,252,2,1,10,8,255,255,106,44,0,0,3462.507871,107.318273,51.260222,60.726715,0.090516,0.04582,0.044696,0,1,0,0,0,11,9,3,3,1,1,3
48737,21,0.357167,704,684,254,252,3,4,12,12,255,255,59,57,0,0,1620.616896,39.84675,32.469729,31.049455,0.051049,0.01493,0.036119,0,1,0,0,0,11,1,1,4,1,1,1
28868,80,0.284979,1120,268,254,252,2,1,10,6,255,255,112,45,0,0,1409.993769,71.463961,29.542889,54.203199,0.062992,0.013956,0.049036,0,1,0,0,0,11,1,1,2,1,1,1
12565,80,0.272408,806,4604,62,252,2,3,10,10,255,255,81,460,0,0,1630.188791,1601.933389,30.267556,24.586111,0.102455,0.050459,0.051996,0,1,0,0,0,9,1,1,3,1,1,1
40149,25,0.807705,46980,2476,254,252,23,8,52,24,255,255,903,103,0,0,1175.854158,40.972738,15.836628,33.882695,0.057844,0.028392,0.029452,0,1,0,0,0,1,1,1,1,1,1,1
41001,80,0.618479,1382,4320,62,252,3,3,12,12,255,255,115,360,0,0,3581.049274,98.637203,56.225364,51.181363,0.109544,0.05486,0.054684,0,1,0,0,0,1,1,1,1,1,1,1
10480,80,0.378403,866,1110,62,252,2,2,10,8,255,255,87,139,0,0,2071.200133,60.154328,42.044778,43.631285,0.107293,0.072228,0.035065,0,1,0,0,0,4,1,1,1,1,1,1
38964,80,0.425362,802,3228,62,252,2,2,10,8,255,255,80,404,0,0,2402.373398,93.955289,47.248778,51.93957,0.131973,0.061775,0.070198,0,1,0,0,0,4,8,3,1,1,1,1
48255,80,0.546681,926,354,254,252,2,1,10,8,255,255,93,44,0,0,3761.034855,121.27175,56.581778,68.359,0.138662,0.068158,0.070504,0,1,0,0,0,2,3,1,1,1,1,1
11882,21,2.402099,1272,1646,62,252,7,9,24,22,255,255,53,75,0,0,5617.598949,7245.755884,104.439089,110.982049,0.133,0.070824,0.062176,0,1,0,0,0,2,2,1,1,1,1,1
11882,21,2.402099,1272,1646,62,252,7,9,24,22,255,255,53,75,0,0,5617.598949,7245.755884,104.439089,110.982049,0.133,0.070824,0.062176,0,1,0,0,0,2,2,1,1,1,1,1
1457,57955,1.069968,364,3754,62,252,1,3,8,10,255,255,46,375,0,0,10903.30368,9146.692865,152.73329,113.146778,0.117009,0.051637,0.065372,0,1,0,0,0,1,3,1,1,1,1,1
1457,57955,1.069968,364,3754,62,252,1,3,8,10,255,255,46,375,0,0,10903.30368,9146.692865,152.73329,113.146778,0.117009,0.051637,0.065372,0,1,0,0,0,1,3,1,1,1,1,1
36700,25,2.277514,93207,2228,62,252,42,8,90,30,255,255,1036,74,0,0,2263.470425,96.13668,25.590044,76.231555,0.127694,0.066084,0.06161,0,1,0,0,0,2,1,1,1,1,1,1
8624,25,1.792739,21234,1762,62,252,13,8,32,22,255,255,664,80,0,0,4057.791011,124.849187,57.830288,82.814859,0.112364,0.053049,0.059315,0,1,0,0,0,2,1,1,1,1,1,1
36138,110,1.718386,1202,63880,62,252,7,30,26,64,255,255,46,998,0,0,3307.944734,2103.636185,68.735443,26.247714,0.103643,0.063973,0.03967,0,1,0,0,0,2,1,1,1,1,1,1
28863,25,1.328306,788,771,254,252,5,4,16,14,255,255,49,55,0,0,5230.591771,126.652992,86.721867,97.413078,0.134804,0.061932,0.072872,0,1,0,0,0,2,1,1,1,1,1,1
41291,8014,0.642193,1346,1560,254,252,2,2,10,10,255,255,135,156,0,0,4644.576807,118.826977,71.354778,67.750336,0.111925,0.031807,0.080118,0,1,0,0,0,2,2,1,1,1,1,1
34553,80,0.325396,828,2702,62,252,2,2,10,8,255,255,83,338,0,0,1830.831757,54.998031,36.155111,37.59457,0.087547,0.061668,0.025879,0,1,0,0,0,2,1,1,1,1,1,1
42376,25,1.411288,58466,1938,62,252,27,8,60,26,255,255,974,75,0,0,1884.745733,70.4765,23.920135,54.852078,0.095767,0.027135,0.068632,0,1,0,0,0,1,2,1,1,1,1,1
42376,25,1.411288,58466,1938,62,252,27,8,60,26,255,255,974,75,0,0,1884.745733,70.4765,23.920135,54.852078,0.095767,0.027135,0.068632,0,1,0,0,0,1,2,1,1,1,1,1
32910,80,0.290367,920,268,254,252,2,1,10,6,255,255,92,45,0,0,1487.016175,75.088828,29.011778,52.195,0.084648,0.029381,0.055267,0,1,0,0,0,1,1,1,1,1,1,1
44277,80,0.355776,798,2258,62,252,2,2,10,8,255,255,80,282,0,0,1946.174144,65.835398,39.530667,47.584715,0.080581,0.021933,0.058648,0,1,0,0,0,1,1,1,1,1,1,1
27404,25,1.187608,3929,1692,62,252,8,8,22,20,255,255,179,85,0,0,2698.496672,72.963977,56.511999,61.489684,0.071284,0.019293,0.051991,0,1,0,0,0,1,2,2,1,1,1,1
26075,143,1.113562,1014,3732,62,252,6,6,18,16,255,255,56,233,0,0,3338.7067,63.253437,65.503647,49.596332,0,0,0,0,1,0,0,0,2,5,3,1,1,1,1
19476,80,0.391363,918,5916,62,252,2,3,10,10,255,255,92,592,0,0,2505.487964,2673.344174,43.484778,38.384444,0.082794,0.038304,0.04449,0,1,0,0,0,1,2,1,1,1,1,1
3591,110,0.979499,1072,20428,62,252,7,14,22,32,255,255,49,638,0,0,2340.780528,1884.839295,46.64281,30.231774,0.07409,0.024193,0.049897,0,1,0,0,0,1,1,1,1,1,1,1
16506,80,0.778437,2650,72920,62,252,6,27,24,58,255,255,110,1257,0,0,1753.240767,1246.154427,33.845087,13.369316,0.055911,0.009014,0.046897,0,1,0,0,0,2,3,1,1,1,1,1
6433,29005,0.224288,782,268,254,252,2,1,10,6,255,255,78,45,0,0,1182.393262,62.41752,24.920889,42.456199,0.059079,0.011095,0.047984,0,1,0,0,0,1,1,1,1,1,1,1
22219,21,1.084117,1108,1664,62,252,7,9,20,22,255,255,55,76,0,0,2910.019853,2686.623565,57.058788,51.177048,0.054733,0.008629,0.046104,0,1,0,0,0,2,2,2,2,1,1,2
22219,21,1.084117,1108,1664,62,252,7,9,20,22,255,255,55,76,0,0,2910.019853,2686.623565,57.058788,51.177048,0.054733,0.008629,0.046104,0,1,0,0,0,2,2,2,2,1,1,2
2863,63306,0.36465,364,2192,62,252,1,2,8,8,255,255,46,274,0,0,3507.117974,108.083141,52.084999,50.427145,0.060486,0.011654,0.048832,0,1,0,0,0,2,2,2,2,1,1,2
2863,63306,0.36465,364,2192,62,252,1,2,8,8,255,255,46,274,0,0,3507.117974,108.083141,52.084999,50.427145,0.060486,0.011654,0.048832,0,1,0,0,0,2,2,2,2,1,1,2
58185,139,1.820631,6526,4384,254,252,15,15,36,34,255,255,181,129,0,0,2447.407321,60.602879,52.018027,54.038668,0.051933,0.023181,0.028752,0,1,0,0,0,3,1,1,1,1,1,1
56728,80,0.200593,1094,268,254,252,2,1,10,6,255,255,109,45,0,0,1094.142509,65.009383,20.549556,38.422,0.057735,0.008472,0.049263,0,1,0,0,0,2,1,1,1,1,1,1
50363,80,0.233519,836,2742,62,252,2,2,10,8,255,255,84,343,0,0,1386.260293,55.723602,25.946556,31.484285,0.05296,0.007262,0.045698,0,1,0,0,0,2,1,1,1,1,1,1
43467,80,0.215715,852,16540,62,252,2,7,10,18,255,255,85,919,0,0,1244.920971,1345.560442,23.968333,11.874705,0.056638,0.008061,0.048577,0,1,0,0,0,1,1,1,1,1,1,1
16275,23,0.462273,1842,518,254,252,4,3,14,10,255,255,132,52,0,0,1831.634512,67.761789,34.419077,50.306891,0.057118,0.009504,0.047614,0,1,0,0,0,1,2,1,1,1,1,1
28163,80,0.238422,806,948,62,252,2,2,10,8,255,255,81,119,0,0,1429.86437,67.863859,26.491333,32.072572,0.053038,0.007604,0.045434,0,1,0,0,0,1,1,1,1,1,1,1
45553,80,0.295086,1010,39188,62,252,2,15,14,34,255,255,72,1153,0,0,1193.259981,1076.882709,22.698923,8.428879,0.054125,0.008023,0.046102,0,1,0,0,0,3,1,1,2,2,1,1
3741,55769,0.599172,278,86,62,252,1,0,6,2,255,0,46,43,0,0,7223.801444,0,119.5292,0.002,0,0,0,0,1,0,0,0,3,2,2,2,1,1,2
3741,55769,0.599172,278,86,62,252,1,0,6,2,255,0,46,43,0,0,7223.801444,0,119.5292,0.002,0,0,0,0,1,0,0,0,3,2,2,2,1,1,2
5842,21,1.130733,508,1302,62,252,5,7,10,16,255,255,51,81,0,0,2698.811302,4489.049316,55.541111,74.890934,0.007362,0.007362,0,0,3,0,0,0,3,2,2,2,1,1,2
5842,21,1.130733,508,1302,62,252,5,7,10,16,255,255,51,81,0,0,2698.811302,4489.049316,55.541111,74.890934,0.007362,0.007362,0,0,3,0,0,0,3,2,2,2,1,1,2
13214,80,0.697085,1878,65860,62,252,2,19,19,52,255,255,99,1267,0,0,61.644137,806.249237,38.726945,7.652588,0,0,0,0,1,0,0,0,3,1,1,1,1,1,1
8106,2003,0.008303,85,150,254,60,0,0,2,2,0,0,43,75,0,0,0,0,0.003,0.006,0,0,0,0,3,0,0,0,2,1,1,1,1,1,1
13998,59076,0.674645,364,686,62,252,1,2,8,8,255,255,46,86,0,0,5890.439946,156.79,96.377855,85.232289,0.099835,0.050959,0.048876,0,1,0,0,0,3,2,2,2,1,1,2
13998,59076,0.674645,364,686,62,252,1,2,8,8,255,255,46,86,0,0,5890.439946,156.79,96.377855,85.232289,0.099835,0.050959,0.048876,0,1,0,0,0,3,2,2,2,1,1,2
46786,21,1.521637,1020,1242,62,252,5,7,20,16,255,255,51,78,0,0,4123.153783,5894.634853,80.034997,101.031135,0.052784,0.006159,0.046625,0,1,0,0,0,3,2,2,2,1,1,2
46786,21,1.521637,1020,1242,62,252,5,7,20,16,255,255,51,78,0,0,4123.153783,5894.634853,80.034997,101.031135,0.052784,0.006159,0.046625,0,1,0,0,0,3,2,2,2,1,1,2
47299,80,0.207156,652,1058,62,252,0,1,6,7,255,255,109,151,0,0,1001.752506,45.994695,19.726,29.5435,0,0,0,0,1,0,0,0,2,1,1,1,1,1,1
34399,80,0.277966,792,1180,62,252,2,2,10,8,255,255,79,148,0,0,1540.106563,56.15768,30.885111,38.631,0.051129,0.006801,0.044328,0,1,0,0,0,1,1,1,1,1,1,1
41890,80,0.182856,920,268,254,252,2,1,10,6,255,255,92,45,0,0,1013.167918,55.84607,18.766778,33.003398,0.066602,0.017836,0.048766,0,1,0,0,0,2,2,1,1,1,1,1
6704,5666,0.179687,2516,268,254,252,2,1,10,6,255,255,252,45,0,0,997.489685,60.494824,18.612,34.603,0.056468,0.006661,0.049807,0,1,0,0,0,3,1,1,1,1,1,1
26004,110,1.053317,1048,31236,62,252,7,18,22,40,255,255,48,781,0,0,2977.135952,2214.47312,50.157952,26.169307,0.063979,0.017548,0.046431,0,1,0,0,0,3,2,1,1,1,1,1
26004,110,1.053317,1048,31236,62,252,7,18,22,40,255,255,48,781,0,0,2977.135952,2214.47312,50.157952,26.169307,0.063979,0.017548,0.046431,0,1,0,0,0,3,2,1,1,1,1,1
37885,80,0.175781,616,268,254,252,1,1,4,6,255,255,154,45,0,0,26.077627,58.106938,18.445666,35.156199,0,0,0,0,1,0,0,0,3,1,1,1,1,1,1
33839,80,0.237187,760,4218,62,252,2,3,10,10,255,255,76,422,0,0,1335.34495,1558.97077,26.354111,24.457444,0.029302,0.016366,0.012936,0,1,0,0,0,1,1,1,1,1,1,1
15884,80,0.731198,135933,698,254,252,53,1,110,16,255,255,1236,44,0,0,705.333541,47.898168,6.708238,40.994734,0.06239,0.011273,0.051117,0,4,0,0,0,2,1,1,2,1,1,1
20128,8080,0.214591,806,268,254,252,2,1,10,6,255,255,81,45,0,0,1157.377057,59.632344,23.381111,38.475,0.074603,0.022209,0.052394,0,1,0,0,0,3,1,1,1,1,1,1
50070,80,0.371161,1272,6978,62,252,3,4,12,12,255,255,106,582,0,0,1691.501417,1954.708976,33.741908,31.981729,0.036066,0.018625,0.017441,0,1,0,0,0,3,1,1,1,1,1,1
39029,80,0.202822,794,268,62,252,2,1,10,6,255,255,79,45,0,0,1189.64849,64.756645,22.535778,36.69,0.034629,0.018626,0.016003,0,1,0,0,0,1,1,1,1,1,1,1
1968,80,0.211742,934,18958,62,252,2,8,12,20,255,255,78,948,0,0,1163.816973,1222.158259,19.249273,10.046684,0.028231,0.01617,0.012061,0,1,0,0,0,2,1,1,1,1,1,1
42912,25,0.205856,4764,434,62,252,0,1,9,8,255,255,529,54,0,0,1355.619722,25.52733,25.731999,19.948428,0,0,0,0,1,0,0,0,3,1,1,1,1,1,1
42912,25,0.205856,4764,434,62,252,0,1,9,8,255,255,529,54,0,0,1355.619722,25.52733,25.731999,19.948428,0,0,0,0,1,0,0,0,3,1,1,1,1,1,1
49167,80,0.186138,852,268,254,252,2,1,10,6,255,255,85,45,0,0,1015.337233,60.326172,19.068556,35.505,0.054048,0.008602,0.045446,0,1,0,0,0,2,1,1,1,1,1,1
56581,110,0.766302,964,12504,62,252,7,11,20,26,255,255,48,481,0,0,1953.719954,1672.844028,40.331685,29.852759,0.052908,0.007747,0.045161,0,1,0,0,0,1,1,1,1,1,1,1
56581,110,0.766302,964,12504,62,252,7,11,20,26,255,255,48,481,0,0,1953.719954,1672.844028,40.331685,29.852759,0.052908,0.007747,0.045161,0,1,0,0,0,1,1,1,1,1,1,1
34010,80,0.227925,840,1032,62,252,2,2,10,8,255,255,84,129,0,0,1378.949143,55.245609,25.325,30.781857,0.059531,0.008086,0.051445,0,1,0,0,0,2,1,1,2,1,1,1
44587,80,0.263591,846,1204,62,252,2,2,10,8,255,255,85,151,0,0,1448.134896,52.565715,29.287889,36.597855,0.054947,0.006806,0.048141,0,1,0,0,0,1,2,1,1,1,1,1
59437,139,0.707298,8620,2198,254,252,9,7,24,18,255,255,359,122,0,0,1681.751588,51.885266,30.752088,40.885531,0.057524,0.007272,0.050252,0,1,0,0,0,3,1,1,1,1,1,1
6704,80,0.221225,822,2098,62,252,2,2,10,8,255,255,82,262,0,0,1343.942171,54.662703,24.580556,30.216857,0.050042,0.006169,0.043873,0,1,0,0,0,3,1,1,1,1,1,1
33815,110,2.701282,3628,564522,62,252,7,221,82,446,255,255,44,1266,0,0,1745.330141,720.093553,33.349161,6.054577,0.05351,0.006659,0.046851,0,1,0,0,0,3,2,1,2,2,1,1
58339,25,0.825983,16271,1600,62,252,13,7,32,18,255,255,508,89,0,0,1559.440285,58.580477,26.644613,48.117117,0.051173,0.007161,0.044012,0,1,0,0,0,3,1,1,1,1,1,1
53395,80,0.394385,874,34642,62,252,2,14,12,30,255,255,73,1155,0,0,2107.320674,1532.313965,35.85318,13.200276,0.060898,0.007859,0.053039,0,1,0,0,0,1,1,1,1,1,1,1
62297,143,0.741644,1194,115732,62,252,3,46,24,96,255,255,50,1206,0,0,37.75575,740.056367,32.245391,7.292905,0,0,0,0,1,0,0,0,2,1,1,1,1,1,1
62297,143,0.741644,1194,115732,62,252,3,46,24,96,255,255,50,1206,0,0,37.75575,740.056367,32.245391,7.292905,0,0,0,0,1,0,0,0,2,1,1,1,1,1,1
37024,110,0.789967,942,6802,62,252,7,9,20,22,255,255,47,309,0,0,2050.178935,1922.294731,41.577211,36.995475,0.054836,0.009229,0.045607,0,1,0,0,0,2,1,1,1,1,1,1
19477,25,1.215099,94139,2184,62,252,41,6,88,30,255,255,1070,73,0,0,1385.829385,2183.183685,13.966655,41.421932,0.051077,0.006031,0.045046,0,1,0,0,0,2,1,1,1,1,1,1
34324,80,0.16104,884,268,254,252,2,1,10,6,255,255,88,45,0,0,1009.480393,46.262773,17.318333,27.238,0.036103,0.024839,0.011264,0,1,0,0,0,2,1,1,1,1,1,1
12469,143,0.719648,1024,5970,62,252,6,8,18,20,255,255,57,299,0,0,2004.781214,1919.357389,42.332235,37.511212,0.051984,0.006223,0.045761,0,1,0,0,0,2,1,1,1,1,1,1
27237,25,0.896815,1193,1824,254,252,6,8,20,20,255,255,60,91,0,0,2274.230231,54.18743,47.200789,45.730367,0.052913,0.007561,0.045352,0,1,0,0,0,1,1,1,1,1,1,1
9242,25,0.91929,30896,1236,62,252,15,6,34,14,255,255,909,88,0,0,2303.388241,107.816195,27.857274,70.027766,0.052249,0.007776,0.044473,0,3,0,0,0,2,1,1,1,1,1,1
9242,25,0.91929,30896,1236,62,252,15,6,34,14,255,255,909,88,0,0,2303.388241,107.816195,27.857274,70.027766,0.052249,0.007776,0.044473,0,3,0,0,0,2,1,1,1,1,1,1
63150,25,0.713755,2754,1694,62,252,7,8,20,20,255,255,138,85,0,0,1795.599993,40.692301,37.566051,35.041844,0.102371,0.04322,0.059151,0,1,0,0,0,4,1,1,1,1,1,1
23850,80,0.254866,836,1238,62,252,2,2,10,8,255,255,84,155,0,0,1378.795529,38.504961,28.318444,29.271857,0.056798,0.04926,0.007538,0,1,0,0,0,2,2,1,1,1,1,1
52615,110,0.688868,966,3804,62,252,7,7,20,18,255,255,48,211,0,0,1721.470893,50.330371,36.256211,37.407,0.074771,0.031014,0.043757,0,1,0,0,0,4,1,1,1,1,1,1
49326,25,0.777805,3412,1720,62,252,7,8,20,20,255,255,171,86,0,0,1918.775152,46.348027,40.937104,40.512527,0.05329,0.007411,0.045879,0,1,0,0,0,2,1,1,1,1,1,1
49326,25,0.777805,3412,1720,62,252,7,8,20,20,255,255,171,86,0,0,1918.775152,46.348027,40.937104,40.512527,0.05329,0.007411,0.045879,0,1,0,0,0,2,1,1,1,1,1,1
10445,110,0.743831,968,11168,62,252,7,11,20,26,255,255,48,430,0,0,1928.060502,1649.077277,39.148999,28.758759,0.066776,0.021259,0.045517,0,1,0,0,0,2,1,1,1,1,1,1
10445,110,0.743831,968,11168,62,252,7,11,20,26,255,255,48,430,0,0,1928.060502,1649.077277,39.148999,28.758759,0.066776,0.021259,0.045517,0,1,0,0,0,2,1,1,1,1,1,1
10445,110,0.743831,968,11168,62,252,7,11,20,26,255,255,48,430,0,0,1928.060502,1649.077277,39.148999,28.758759,0.066776,0.021259,0.045517,0,1,0,0,0,2,1,1,1,1,1,1
63822,8080,0.198681,1046,21748,254,252,2,9,12,22,255,255,87,989,0,0,1009.440281,1108.597517,18.061909,8.840381,0.052891,0.007088,0.045803,0,1,0,0,0,1,2,2,1,1,1,1
58501,110,0.989712,1368,70838,62,252,7,27,30,69,255,255,46,1027,0,0,1834.563991,1151.111723,34.128,14.108235,0.03696,0.029692,0.007268,0,1,0,0,0,1,1,1,1,1,1,1
21093,80,0.184384,1258,268,254,252,2,1,10,6,255,255,126,45,0,0,1158.679397,55.1095,20.487111,30.722,0.029184,0.017017,0.012167,0,1,0,0,0,4,2,2,2,1,1,2
58359,25,0.638581,16782,1858,62,252,12,8,30,20,255,255,559,93,0,0,1381.531074,38.633828,22.020034,32.132264,0.036669,0.027343,0.009326,0,1,0,0,0,4,2,2,2,1,1,2
58359,25,0.638581,16782,1858,62,252,12,8,30,20,255,255,559,93,0,0,1381.531074,38.633828,22.020034,32.132264,0.036669,0.027343,0.009326,0,1,0,0,0,4,2,2,2,1,1,2
58359,25,0.638581,16782,1858,62,252,12,8,30,20,255,255,559,93,0,0,1381.531074,38.633828,22.020034,32.132264,0.036669,0.027343,0.009326,0,1,0,0,0,4,2,2,2,1,1,2
63972,8080,0.442921,3578,354,254,252,3,1,12,8,255,255,298,44,0,0,2812.781506,94.98668,38.222089,56.607145,0.099802,0.046661,0.053141,0,1,0,0,0,4,2,2,2,2,1,2
40165,1526,0.229998,1202,268,254,252,2,1,10,6,255,255,120,45,0,0,1163.880288,63.830512,23.647889,44.179199,0.055729,0.009091,0.046638,0,1,0,0,0,4,1,1,1,1,1,1
64084,8080,7.460947,9806,1790170,254,252,2,641,214,1324,255,255,46,1352,0,0,1893.801239,735.86343,35.027919,5.595419,0.096442,0.049705,0.046737,0,1,0,0,0,4,2,2,2,2,1,2
15496,80,0.231653,796,2700,62,252,2,2,10,8,255,255,80,338,0,0,1392.690697,56.142238,25.739222,31.175428,0.052427,0.006794,0.045633,0,1,0,0,0,1,1,1,1,1,1,1
59172,111,0.024438,168,152,254,60,0,0,2,2,0,0,84,76,0,0,0,0,0.007,0.008,0,0,0,0,3,0,0,0,4,2,1,2,1,1,1
51983,48036,0.000012,1712,0,254,0,0,0,2,0,0,0,856,0,0,0,0,0,0.012,0,0,0,0,0,2,0,0,0,4,2,1,1,1,1,1
1146,51192,0.487439,364,3754,62,252,1,3,8,10,255,255,46,375,0,0,4267.661807,3224.495992,69.397574,50.855,0.067004,0.029732,0.037272,0,1,0,0,0,4,1,1,1,1,1,1
1146,51192,0.487439,364,3754,62,252,1,3,8,10,255,255,46,375,0,0,4267.661807,3224.495992,69.397574,50.855,0.067004,0.029732,0.037272,0,1,0,0,0,4,1,1,1,1,1,1
51380,21,1.009835,1174,1660,62,252,7,9,22,22,255,255,53,75,0,0,2920.711686,2769.286268,48.087379,47.142856,0.054259,0.018896,0.035363,0,1,0,0,0,2,1,1,1,1,1,1
51380,21,1.009835,1174,1660,62,252,7,9,22,22,255,255,53,75,0,0,2920.711686,2769.286268,48.087379,47.142856,0.054259,0.018896,0.035363,0,1,0,0,0,2,1,1,1,1,1,1
50580,80,0.24998,832,4094,62,252,2,3,10,10,255,255,83,409,0,0,1338.901779,1589.062441,27.671444,25.374778,0.066462,0.021584,0.044878,0,1,0,0,0,8,2,1,2,1,1,1
24944,80,0.703873,2730,39984,62,252,6,17,20,38,255,255,137,1052,0,0,1833.740516,1381.854327,37.045948,17.503379,0.057451,0.027262,0.030189,0,1,0,0,0,2,1,1,1,1,1,1
44892,80,0.301644,838,2056,62,252,2,2,10,8,255,255,84,257,0,0,1721.684559,47.641977,33.516,35.529285,0.078383,0.052303,0.02608,0,1,0,0,0,2,2,1,1,1,1,1
30759,80,0.33386,804,3766,62,252,2,3,10,10,255,255,80,377,0,0,1983.846425,1896.923056,37.095556,27.348667,0.110815,0.050668,0.060147,0,1,0,0,0,1,8,3,1,1,1,1
10103,80,0.342586,826,1376,62,252,2,2,10,8,255,255,83,172,0,0,1871.107193,56.595324,38.065111,36.031715,0.070333,0.039594,0.030739,0,1,0,0,0,1,4,3,1,1,1,1
46778,25,1.074526,10296,1868,62,252,10,8,26,20,255,255,396,93,0,0,2333.692738,64.178434,42.98104,55.213105,0.081344,0.024779,0.056565,0,1,0,0,0,1,4,1,1,1,1,1
46778,25,1.074526,10296,1868,62,252,10,8,26,20,255,255,396,93,0,0,2333.692738,64.178434,42.98104,55.213105,0.081344,0.024779,0.056565,0,1,0,0,0,1,4,1,1,1,1,1
46778,25,1.074526,10296,1868,62,252,10,8,26,20,255,255,396,93,0,0,2333.692738,64.178434,42.98104,55.213105,0.081344,0.024779,0.056565,0,1,0,0,0,1,4,1,1,1,1,1
23827,1433,0.607924,1384,1304,254,252,4,3,14,10,255,255,99,130,0,0,2176.493397,76.878383,43.831308,61.274777,0.130496,0.05644,0.074056,0,1,0,0,0,4,1,1,1,1,1,1
28795,69,0.000009,1104,0,254,0,0,0,2,0,0,0,552,0,0,0,0,0,0.009,0,0,0,0,0,2,0,0,0,1,1,1,1,1,1,1
61892,110,0.987638,976,3328,62,252,7,8,20,20,255,255,49,166,0,0,2454.438276,55.545512,51.980947,50.236684,0.070052,0.03243,0.037622,0,1,0,0,0,2,1,1,1,1,1,1
61892,110,0.987638,976,3328,62,252,7,8,20,20,255,255,49,166,0,0,2454.438276,55.545512,51.980947,50.236684,0.070052,0.03243,0.037622,0,1,0,0,0,2,1,1,1,1,1,1
29115,8080,0.225462,1048,268,254,252,2,1,10,6,255,255,105,45,0,0,1332.719935,60.510367,24.940556,37.849199,0.103148,0.036204,0.066944,0,1,0,0,0,2,1,1,1,1,1,1
18951,80,0.363773,810,2538,62,252,2,2,10,8,255,255,81,317,0,0,2069.275925,59.366223,40.419222,45.059,0.107582,0.047341,0.060241,0,1,0,0,0,1,1,1,1,1,1,1
30719,143,2.534836,1442,87106,62,252,6,39,28,82,255,255,52,1062,0,0,4880.744296,2836.343134,93.882815,30.522692,0.075202,0.040531,0.034671,0,1,0,0,0,5,2,1,1,1,1,1
7315,8080,0.730582,810,354,254,252,2,1,10,8,255,255,81,44,0,0,5079.806652,148.425156,78.140556,93.374,0.115448,0.076952,0.038496,0,1,0,0,0,2,1,1,1,1,1,1
44303,80,0.447423,816,4780,62,252,2,3,10,10,255,255,82,478,0,0,2655.172375,3376.604046,49.608222,45.332444,0.073745,0.039427,0.034318,0,1,0,0,0,4,1,1,2,1,1,1
20826,80,0.840191,956,36880,62,252,2,14,14,34,255,255,68,1085,0,0,3890.59517,2369.587652,64.630079,24.169151,0.114493,0.041916,0.072577,0,1,0,0,0,5,2,1,1,1,1,1
38809,110,1.922268,1812,195225,62,252,7,80,40,164,255,255,45,1190,0,0,2428.307875,1158.387611,49.288922,11.385994,0.064404,0.030005,0.034399,0,1,0,0,0,2,1,1,1,1,1,1
46298,25,2.261706,137752,2412,62,252,52,8,121,37,255,255,1138,65,0,0,1729.201432,71.238977,18.84755,60.489582,0.199241,0.060409,0.138832,0,1,0,0,0,8,1,1,2,1,1,1
50343,21,0.688058,4902,766,254,252,5,4,16,12,255,255,306,64,0,0,2318.872866,67.896062,42.309465,58.40009,0.081529,0.045648,0.035881,0,1,0,0,0,2,2,1,1,1,1,1
58976,143,1.469652,1178,58749,62,252,6,26,22,57,255,255,54,1031,0,0,3428.561976,2046.261036,69.953241,25.366537,0.096251,0.049122,0.047129,0,1,0,0,0,1,1,1,1,1,1,1
40129,80,0.731389,928,3964,62,252,2,3,12,10,255,255,77,396,0,0,3830.643315,4475.49381,66.489912,74.158,0.132468,0.063311,0.069157,0,1,0,0,0,1,1,1,1,1,1,1
18939,80,0.358468,894,268,254,252,2,1,10,6,255,255,89,45,0,0,1920.93011,82.408297,38.113333,56.521801,0.110562,0.075855,0.034707,0,1,0,0,0,7,1,1,3,1,1,1
13006,80,0.347231,846,10058,62,252,2,5,10,14,255,255,85,718,0,0,1925.675443,1891.683885,38.581222,22.489693,0.094585,0.029959,0.064626,0,1,0,0,0,4,1,1,1,1,1,1
37420,514,0.000002,1786,0,254,0,0,0,2,0,0,0,893,0,0,0,0,0,0.002,0,0,0,0,0,2,0,0,0,4,4,1,1,1,1,1
54589,514,0.000005,534,0,254,0,0,0,2,0,0,0,267,0,0,0,0,0,0.005,0,0,0,0,0,2,0,0,0,4,4,1,1,1,1,1
10768,445,0.611956,1550,268,254,252,2,1,10,6,255,255,155,45,0,0,3357.715643,176.507125,67.995111,105.895602,0.185875,0.081642,0.104233,0,1,0,0,0,8,5,1,2,1,1,1
62511,514,0.000007,1554,0,254,0,0,0,2,0,0,0,777,0,0,0,0,0,0.007,0,0,0,0,0,2,0,0,0,5,4,1,1,1,1,1
10474,445,0.440272,2574,268,254,252,2,1,10,6,255,255,257,45,0,0,2634.266389,102.107008,44.594333,73.674203,0.153007,0.071891,0.081116,0,1,0,0,0,6,6,1,1,1,1,1
10716,445,0.693252,17310,354,254,252,7,1,20,8,255,255,866,44,0,0,2851.356897,154.707031,36.440104,81.827141,0.230208,0.120458,0.10975,0,1,0,0,0,6,6,1,1,1,1,1
65450,514,0.000009,1588,0,254,0,0,0,2,0,0,0,794,0,0,0,0,0,0.009,0,0,0,0,0,2,0,0,0,5,4,1,1,1,1,1
53600,514,0.000012,1160,0,254,0,0,0,2,0,0,0,580,0,0,0,0,0,0.012,0,0,0,0,0,2,0,0,0,5,4,2,3,2,1,2
64950,514,0.000012,930,0,254,0,0,0,2,0,0,0,465,0,0,0,0,0,0.012,0,0,0,0,0,2,0,0,0,5,4,2,3,2,1,2
1184,445,1.039228,534,354,254,252,2,1,10,8,255,255,53,44,0,0,6600.660138,231.041547,113.129667,135.424422,0.143266,0.09125,0.052016,0,1,0,0,0,6,6,2,2,1,1,2
10819,445,1.01237,590,268,254,252,2,1,10,6,255,255,59,45,0,0,6025.832505,277.75775,102.346,179.226594,0.213365,0.116229,0.097136,0,1,0,0,0,6,6,2,2,1,1,2
61564,514,0.000012,2090,0,254,0,0,0,2,0,0,0,1045,0,0,0,0,0,0.012,0,0,0,0,0,2,0,0,0,6,5,2,3,2,1,2
54230,514,0.000011,1450,0,254,0,0,0,2,0,0,0,725,0,0,0,0,0,0.011,0,0,0,0,0,2,0,0,0,6,5,2,3,2,1,2
1027,445,0.440145,782,268,254,252,2,1,10,6,255,255,78,45,0,0,2781.045479,101.258633,48.876667,61.038398,0.220327,0.13495,0.085377,0,1,0,0,0,5,5,1,1,1,1,1
52082,514,0.000012,1920,0,254,0,0,0,2,0,0,0,960,0,0,0,0,0,0.012,0,0,0,0,0,2,0,0,0,6,5,1,1,1,1,1
10572,445,0.756049,1550,268,254,252,2,1,10,6,255,255,155,45,0,0,4394.988844,256.101656,84.005444,139.025203,0.196022,0.060229,0.135793,0,1,0,0,0,5,5,1,1,1,1,1
8176,445,0.378527,2574,268,254,252,2,1,10,6,255,255,257,45,0,0,2198.173648,106.396414,42.019333,64.749199,0.109855,0.054771,0.055084,0,1,0,0,0,5,5,1,1,1,1,1
65510,514,0.000004,706,0,254,0,0,0,2,0,0,0,353,0,0,0,0,0,0.004,0,0,0,0,0,2,0,0,0,6,5,2,2,2,1,2
55065,514,0.000006,1888,0,254,0,0,0,2,0,0,0,944,0,0,0,0,0,0.006,0,0,0,0,0,2,0,0,0,6,5,2,2,2,1,2
18725,445,0.446914,17310,354,254,252,7,1,20,8,255,255,866,44,0,0,1715.076412,92.36193,23.471,52.601,0.138297,0.078696,0.059601,0,1,0,0,0,5,5,2,2,2,1,2
33672,445,0.396856,534,268,254,252,2,1,10,6,255,255,53,45,0,0,2331.377203,103.030203,44.059889,66.736602,0.142451,0.063169,0.079282,0,1,0,0,0,5,5,2,2,2,1,2
52703,514,0.000011,252,0,254,0,0,0,2,0,0,0,126,0,0,0,0,0,0.011,0,0,0,0,0,2,0,0,0,9,8,2,3,2,1,2
8095,445,0.701552,590,268,254,252,2,1,10,6,255,255,59,45,0,0,3341.251698,172.774047,63.802333,124.568602,0.136729,0.078698,0.058031,0,1,0,0,0,1,2,1,1,1,1,1
61223,514,0.00001,756,0,254,0,0,0,2,0,0,0,378,0,0,0,0,0,0.01,0,0,0,0,0,2,0,0,0,9,8,2,3,2,1,2
53673,514,0.000012,1694,0,254,0,0,0,2,0,0,0,847,0,0,0,0,0,0.012,0,0,0,0,0,2,0,0,0,9,8,3,3,2,1,3
63310,514,0.000008,1622,0,254,0,0,0,2,0,0,0,811,0,0,0,0,0,0.008,0,0,0,0,0,2,0,0,0,9,8,3,3,2,1,3
39072,514,0.000005,1960,0,254,0,0,0,2,0,0,0,980,0,0,0,0,0,0.005,0,0,0,0,0,2,0,0,0,9,8,2,2,2,1,2
54234,514,0.000007,812,0,254,0,0,0,2,0,0,0,406,0,0,0,0,0,0.007,0,0,0,0,0,2,0,0,0,9,8,2,2,2,1,2
54526,514,0.000005,1002,0,254,0,0,0,2,0,0,0,501,0,0,0,0,0,0.005,0,0,0,0,0,2,0,0,0,9,8,1,1,1,1,1
19798,514,0.000004,1438,0,254,0,0,0,2,0,0,0,719,0,0,0,0,0,0.004,0,0,0,0,0,2,0,0,0,6,6,1,1,1,1,1
65135,514,0.000001,466,0,254,0,0,0,2,0,0,0,233,0,0,0,0,0,0.001,0,0,0,0,0,2,0,0,0,6,6,2,2,2,1,2
52033,514,0.000003,256,0,254,0,0,0,2,0,0,0,128,0,0,0,0,0,0.003,0,0,0,0,0,2,0,0,0,6,6,2,2,2,1,2
65247,514,0.000012,1578,0,254,0,0,0,2,0,0,0,789,0,0,0,0,0,0.012,0,0,0,0,0,2,0,0,0,6,6,1,1,1,1,1
62190,514,0.000004,326,0,254,0,0,0,2,0,0,0,163,0,0,0,0,0,0.004,0,0,0,0,0,2,0,0,0,6,6,2,2,2,1,2
65517,514,0.000012,760,0,254,0,0,0,2,0,0,0,380,0,0,0,0,0,0.012,0,0,0,0,0,2,0,0,0,6,6,2,2,2,1,2
61367,514,0.00001,1192,0,254,0,0,0,2,0,0,0,596,0,0,0,0,0,0.01,0,0,0,0,0,2,0,0,0,3,2,1,1,1,1,1
52959,514,0.000009,1056,0,254,0,0,0,2,0,0,0,528,0,0,0,0,0,0.009,0,0,0,0,0,2,0,0,0,3,2,1,1,1,1,1
63701,514,0.000012,1510,0,254,0,0,0,2,0,0,0,755,0,0,0,0,0,0.012,0,0,0,0,0,2,0,0,0,7,5,1,1,1,1,1
54061,514,0.000012,1566,0,254,0,0,0,2,0,0,0,783,0,0,0,0,0,0.012,0,0,0,0,0,2,0,0,0,7,5,1,2,1,1,1
12997,445,0.481648,1550,268,254,252,2,1,10,6,255,255,155,45,0,0,2733.405717,115.294508,51.692222,72.026,0.167234,0.121508,0.045726,0,1,0,0,0,4,4,2,2,2,1,2
10454,445,31.445862,1316,622,254,252,4,1,20,14,255,255,66,44,0,0,221860.6925,8146.087,1654.996684,2414.43775,0.113254,0.058159,0.055095,0,1,0,0,0,4,4,2,2,2,1,2
10454,445,31.445862,1316,622,254,252,4,1,20,14,255,255,66,44,0,0,221860.6925,8146.087,1654.996684,2414.43775,0.113254,0.058159,0.055095,0,1,0,0,0,4,4,2,2,2,1,2
53692,514,0.000012,2082,0,254,0,0,0,2,0,0,0,1041,0,0,0,0,0,0.012,0,0,0,0,0,2,0,0,0,7,5,2,2,2,1,2
52096,514,0.000009,928,0,254,0,0,0,2,0,0,0,464,0,0,0,0,0,0.009,0,0,0,0,0,2,0,0,0,7,5,2,2,2,1,2
7836,445,0.59462,2574,354,254,252,2,1,10,8,255,255,257,44,0,0,4039.001426,116.832375,66.068889,69.761,0.176065,0.10562,0.070445,0,1,0,0,0,4,4,1,1,1,1,1
23167,445,0.327298,590,268,254,252,2,1,10,6,255,255,59,45,0,0,1850.867458,72.603906,36.268333,52.343602,0.122063,0.065575,0.056488,0,1,0,0,0,6,6,2,2,2,1,2
10415,445,0.331875,17310,354,254,252,7,1,20,8,255,255,866,44,0,0,1236.642671,56.942469,16.341841,38.57043,0.126123,0.061879,0.064244,0,1,0,0,0,4,4,1,1,1,1,1
41563,514,0.000013,2038,0,254,0,0,0,2,0,0,0,1019,0,0,0,0,0,0.013,0,0,0,0,0,2,0,0,0,7,5,1,2,1,1,1
10813,445,0.408743,590,268,254,252,2,1,10,6,255,255,59,45,0,0,2062.140015,94.524227,42.101222,75.048203,0.052575,0.033491,0.019084,0,1,0,0,0,6,6,2,2,2,1,2
54274,514,0.00001,342,0,254,0,0,0,2,0,0,0,171,0,0,0,0,0,0.01,0,0,0,0,0,2,0,0,0,6,5,1,1,1,1,1
10799,445,43.25124,1212,536,254,252,6,1,20,12,255,255,61,45,0,0,301275.9205,11916.919,2276.375,3918.43425,0.291014,0.148458,0.142556,0,1,0,0,0,6,6,1,1,1,1,1
10799,445,43.25124,1212,536,254,252,6,1,20,12,255,255,61,45,0,0,301275.9205,11916.919,2276.375,3918.43425,0.291014,0.148458,0.142556,0,1,0,0,0,6,6,1,1,1,1,1
63336,514,0.000007,186,0,254,0,0,0,2,0,0,0,93,0,0,0,0,0,0.007,0,0,0,0,0,2,0,0,0,6,5,1,1,1,1,1
10655,445,0.617309,590,268,254,252,2,1,10,6,255,255,59,45,0,0,3184.548702,146.938625,64.890667,103.424203,0.160141,0.100187,0.059954,0,1,0,0,0,6,6,2,2,1,1,2
27581,514,0.000009,848,0,254,0,0,0,2,0,0,0,424,0,0,0,0,0,0.009,0,0,0,0,0,2,0,0,0,6,5,3,3,2,1,3
52080,514,0.000011,1614,0,254,0,0,0,2,0,0,0,807,0,0,0,0,0,0.011,0,0,0,0,0,2,0,0,0,6,5,3,3,2,1,3
10730,445,0.627088,590,268,254,252,2,1,10,6,255,255,59,45,0,0,3590.720974,199.529562,66.538556,115.502602,0.125142,0.049568,0.075574,0,1,0,0,0,6,6,1,1,1,1,1
65175,514,20.54291,1216,0,254,0,0,0,4,0,0,0,304,0,0,0,9684.009,0,6847.6375,0,0,0,0,0,2,0,0,0,8,6,1,1,1,1,1
65175,514,20.54291,1216,0,254,0,0,0,4,0,0,0,304,0,0,0,9684.009,0,6847.6375,0,0,0,0,0,2,0,0,0,8,6,1,1,1,1,1
10475,445,0.535114,590,268,254,252,2,1,10,6,255,255,59,45,0,0,3071.540089,153.044266,57.439333,90.797398,0.192619,0.08112,0.111499,0,1,0,0,0,5,5,1,2,1,1,1
65163,514,0.000007,858,0,254,0,0,0,2,0,0,0,429,0,0,0,0,0,0.007,0,0,0,0,0,2,0,0,0,8,6,1,1,1,1,1
54845,514,0.000007,1414,0,254,0,0,0,2,0,0,0,707,0,0,0,0,0,0.007,0,0,0,0,0,2,0,0,0,8,6,2,2,2,1,2
10821,445,56.306396,1244,536,254,252,5,1,20,12,255,255,62,45,0,0,402968.3019,15949.83,2961.553053,5112.0515,0.121496,0.07382,0.047676,0,1,0,0,0,5,5,2,2,2,1,2
10821,445,56.306396,1244,536,254,252,5,1,20,12,255,255,62,45,0,0,402968.3019,15949.83,2961.553053,5112.0515,0.121496,0.07382,0.047676,0,1,0,0,0,5,5,2,2,2,1,2
54545,514,0.000012,1688,0,254,0,0,0,2,0,0,0,844,0,0,0,0,0,0.012,0,0,0,0,0,2,0,0,0,8,6,2,2,2,1,2
10526,445,0.706907,590,354,254,252,2,1,10,8,255,255,59,44,0,0,5003.203292,155.886516,75.025333,93.771711,0.128651,0.050495,0.078156,0,1,0,0,0,5,5,2,2,2,1,2
65453,514,0.00001,1480,0,254,0,0,0,2,0,0,0,740,0,0,0,0,0,0.01,0,0,0,0,0,2,0,0,0,8,6,2,4,2,1,2
8089,445,0.627022,590,268,254,252,2,1,10,6,255,255,59,45,0,0,3539.085239,187.036922,69.669111,110.819797,0.126341,0.072123,0.054218,0,1,0,0,0,5,5,2,1,1,1,1
1334,445,0.755223,590,268,254,252,2,1,10,6,255,255,59,45,0,0,4729.388869,212.231922,82.499889,122.729203,0.220005,0.141567,0.078438,0,1,0,0,0,6,4,1,2,1,1,1
3844,445,0.673476,590,354,254,252,2,1,10,8,255,255,59,44,0,0,4771.265674,122.014641,70.774222,82.241,0.16152,0.097788,0.063732,0,1,0,0,0,6,4,3,2,2,1,2
10745,445,0.339093,590,268,254,252,2,1,10,6,255,255,59,45,0,0,1970.592384,88.514352,37.677,48.744602,0.12866,0.07674,0.05192,0,1,0,0,0,6,4,3,2,2,1,2
7007,445,0.69693,590,268,254,252,2,1,10,6,255,255,59,45,0,0,4442.281633,204.003969,75.173444,117.343,0.157492,0.110211,0.047281,0,1,0,0,0,6,7,2,2,2,1,2
9829,445,0.67437,590,354,254,252,2,1,10,8,255,255,59,44,0,0,4789.365826,143.940734,74.93,87.992,0.085788,0.057632,0.028156,0,1,0,0,0,6,7,2,2,2,1,2
55071,514,24.855986,2274,0,254,0,0,0,4,0,0,0,569,0,0,0,11717.213,0,8285.328,0,0,0,0,0,2,0,0,0,4,4,2,2,2,1,2
137,137,19.810385,14990,0,254,0,0,0,116,0,0,0,129,0,0,0,218.430203,0,172.264187,0,0,0,0,0,2,0,0,0,1,1,1,1,1,1,1
21911,445,0.301741,1578,720,254,252,3,2,12,8,255,255,132,90,0,0,1488.06438,64.334992,26.952092,42.103,0.050957,0.00701,0.043947,0,1,0,0,0,4,5,1,1,1,1,1
20757,445,0.500252,1634,824,254,252,3,2,12,10,255,255,136,82,0,0,3180.118591,96.973383,44.326456,50.352109,0.091622,0.047073,0.044549,0,1,0,0,0,4,5,3,3,3,1,3
6821,445,0.499166,1746,812,254,252,3,2,12,10,255,255,146,81,0,0,3225.186519,98.134398,44.733817,50.246668,0.090369,0.046936,0.043433,0,1,0,0,0,4,5,3,3,3,1,3
8786,445,0.29064,1766,742,254,252,3,2,12,8,255,255,147,93,0,0,1392.698733,49.646508,25.770273,34.620285,0.053723,0.048294,0.005429,0,1,0,0,0,4,5,3,3,3,1,3
6598,445,0.231927,1382,700,254,252,3,2,12,8,255,255,115,88,0,0,1094.460645,45.388363,20.374909,29.360285,0.045729,0.026395,0.019334,0,1,0,0,0,11,9,3,3,3,1,3
16646,445,0.264944,1638,712,254,252,3,2,12,8,255,255,137,89,0,0,1285.925007,39.075664,22.630999,30.354143,0.108156,0.052461,0.055695,0,1,0,0,0,11,9,3,3,3,1,3
7581,445,0.276179,1382,724,254,252,3,2,12,8,255,255,115,91,0,0,1297.238268,51.417762,24.273818,35.682855,0.038639,0.026388,0.012251,0,1,0,0,0,11,9,3,3,3,1,3
7079,445,0.563017,1462,798,254,252,3,2,12,10,255,255,122,80,0,0,3503.592003,97.415937,50.26609,56.873668,0.099587,0.051144,0.048443,0,1,0,0,0,11,9,2,3,2,1,2
7614,445,0.437215,1550,792,254,252,3,2,12,10,255,255,129,79,0,0,2479.763089,87.610844,39.746818,44.946223,0.044565,0.023311,0.021254,0,1,0,0,0,11,9,2,3,2,1,2
13800,445,0.563092,1874,844,254,252,3,2,12,10,255,255,156,84,0,0,3538.1957,98.956172,50.07391,57.007555,0.103357,0.050014,0.053343,0,1,0,0,0,11,9,2,2,2,1,2
20656,445,0.493915,1374,842,254,252,3,2,12,10,255,255,115,84,0,0,3033.431531,87.29225,43.960273,48.635,0.109167,0.05619,0.052977,0,1,0,0,0,11,9,2,2,2,1,2
4033,445,0.279239,1386,728,254,252,3,2,12,8,255,255,116,91,0,0,1253.512341,47.846254,24.240181,32.881715,0.064463,0.049057,0.015406,0,1,0,0,0,11,9,2,3,2,1,2
21304,445,0.363641,1382,746,254,252,3,2,12,8,255,255,115,93,0,0,1524.141159,66.214133,29.957,47.54057,0.05497,0.03085,0.02412,0,1,0,0,0,11,9,2,3,2,1,2
6646,445,0.812279,1536,802,254,252,3,2,14,10,255,255,110,80,0,0,5222.764262,130.422648,61.642231,84.061336,0.105983,0.055717,0.050266,0,1,0,0,0,9,8,2,2,2,1,2
62558,445,0.327644,1378,732,254,252,3,2,12,8,255,255,115,92,0,0,1459.003785,54.946859,28.656637,39.895145,0.066608,0.048374,0.018234,0,1,0,0,0,9,8,2,2,2,1,2
7592,445,0.332691,3398,728,254,252,3,2,12,8,255,255,283,91,0,0,1451.697044,59.711219,28.115455,43.823715,0.055555,0.025914,0.029641,0,1,0,0,0,9,8,2,2,2,1,2
8392,445,0.591566,1874,816,254,252,3,2,12,10,255,255,156,82,0,0,3587.729472,103.118008,52.138726,59.833,0.102793,0.053062,0.049731,0,1,0,0,0,9,8,2,2,2,1,2
10964,445,0.490194,5558,750,254,252,4,2,14,8,255,255,397,94,0,0,2157.294754,96.676305,37.707231,65.148145,0.099331,0.033488,0.065843,0,1,0,0,0,9,8,1,1,1,1,1
7047,445,0.719641,35102,912,254,252,15,2,36,12,255,255,975,76,0,0,2083.071364,95.615336,20.0892,60.412547,0.095756,0.055093,0.040663,0,1,0,0,0,9,8,2,3,2,1,2
1374,445,0.529438,1370,726,254,252,3,2,12,8,255,255,114,91,0,0,2422.924792,97.676398,46.660183,66.94643,0.165121,0.060812,0.104309,0,1,0,0,0,9,8,2,3,2,1,2
6624,445,0.311734,1846,740,254,252,3,2,12,8,255,255,154,93,0,0,1366.018431,47.470027,27.017091,35.991,0.072038,0.05979,0.012248,0,1,0,0,0,9,8,1,1,1,1,1
18251,445,0.621606,1462,806,254,252,3,2,12,10,255,255,122,81,0,0,3689.197713,110.890766,55.108364,63.247555,0.124088,0.052371,0.071717,0,1,0,0,0,6,7,1,1,1,1,1
21894,445,0.81671,3406,810,254,252,3,2,12,10,255,255,284,81,0,0,5679.118078,123.832195,72.673543,83.683445,0.096924,0.063558,0.033366,0,1,0,0,0,6,7,2,1,1,1,1
6811,445,0.38515,5526,728,254,252,4,2,14,8,255,255,395,91,0,0,1603.526388,65.378535,27.821384,49.02357,0.085719,0.041975,0.043744,0,1,0,0,0,6,7,1,1,1,1,1
64046,445,0.995908,35066,964,254,252,15,2,36,14,255,255,974,69,0,0,3301.697547,115.193508,28.010114,72.233695,0.11848,0.056859,0.061621,0,1,0,0,0,6,7,2,2,2,1,2
15476,445,0.469008,1370,726,254,252,3,2,12,8,255,255,114,91,0,0,2162.913099,87.779477,41.530455,55.34157,0.105716,0.08161,0.024106,0,1,0,0,0,6,7,2,2,2,1,2
20688,445,0.697801,1450,802,254,252,3,2,12,10,255,255,121,80,0,0,4045.817546,109.711187,63.436455,70.675781,0.101158,0.061005,0.040153,0,1,0,0,0,6,5,1,1,1,1,1
7598,445,0.7276,1850,698,254,252,3,2,12,8,255,255,154,87,0,0,3347.265155,119.887453,64.018274,94.258,0.107915,0.067789,0.040126,0,1,0,0,0,6,5,1,1,1,1,1
4394,445,1.042221,3394,742,254,252,3,2,12,8,255,255,283,93,0,0,5834.809115,239.543781,94.747365,118.927711,0.513929,0.180548,0.333381,0,1,0,0,0,6,5,2,3,2,1,2
7072,445,0.522273,5546,740,254,252,4,2,14,8,255,255,396,93,0,0,2312.656658,98.715641,40.174845,68.633141,0.070676,0.041023,0.029653,0,1,0,0,0,6,5,2,3,2,1,2
12336,445,0.875623,35070,908,254,252,15,2,36,12,255,255,974,76,0,0,2052.64771,101.469102,23.850714,75.093,0.138048,0.049594,0.088454,0,1,0,0,0,6,5,1,1,1,1,1
7367,445,0.716365,1382,726,254,252,3,2,12,8,255,255,115,91,0,0,3560.990876,135.494766,63.767543,91.962711,0.133398,0.072616,0.060782,0,1,0,0,0,7,5,1,1,1,1,1
2644,445,0.883255,1490,842,254,252,3,2,12,10,255,255,124,84,0,0,4792.009883,131.402047,80.209911,91.844891,0.113025,0.056648,0.056377,0,1,0,0,0,7,5,1,2,1,1,1
21099,445,0.787039,1854,744,254,252,3,2,12,8,255,255,155,93,0,0,3880.632393,160.963594,68.270092,100.764711,0.145504,0.081681,0.063823,0,1,0,0,0,7,5,1,1,1,1,1
21906,445,0.547112,3394,776,254,252,3,2,12,8,255,255,283,97,0,0,2613.367855,99.544,49.648273,70.481289,0.139253,0.053742,0.085511,0,1,0,0,0,7,5,1,2,1,1,1
8651,445,1.094737,5530,732,254,252,4,2,14,8,255,255,395,92,0,0,4921.946671,257.133969,78.748921,145.431141,0.141333,0.076709,0.064624,0,1,0,0,0,7,5,1,1,1,1,1
62167,445,1.234102,35090,950,254,252,15,2,36,14,255,255,975,68,0,0,3230.8271,118.582656,33.761,91.832695,0.115025,0.040269,0.074756,0,1,0,0,0,6,4,1,1,1,1,1
6813,445,0.535,1490,754,254,252,3,2,12,8,255,255,124,94,0,0,2418.614696,87.007789,48.574091,68.489711,0.090777,0.055562,0.035215,0,1,0,0,0,6,4,1,1,1,1,1
6640,445,0.954538,1462,722,254,252,3,2,12,8,255,255,122,90,0,0,4324.092833,168.068813,81.248727,124.185859,0.222134,0.085226,0.136908,0,1,0,0,0,6,4,1,2,1,1,1
20001,445,0.580129,1502,730,254,252,3,2,12,8,255,255,125,91,0,0,2739.011574,86.578109,52.65491,67.583859,0.16093,0.107031,0.053899,0,1,0,0,0,6,4,1,2,1,1,1
7881,445,1.213164,1544,704,254,252,3,2,14,8,255,255,110,88,0,0,5065.359049,246.942766,91.130772,160.351719,0.173907,0.0907,0.083207,0,1,0,0,0,4,4,2,1,1,1,1
16532,445,0.819331,1482,694,254,252,3,2,12,8,255,255,124,87,0,0,3342.447051,122.118742,69.76918,102.94643,0.159475,0.098699,0.060776,0,1,0,0,0,4,4,1,1,1,1,1
7591,445,0.752543,1490,748,254,252,3,2,12,8,255,255,124,94,0,0,3929.697063,139.1875,68.321817,95.458,0.174258,0.084326,0.089932,0,1,0,0,0,4,4,1,1,1,1,1
39953,445,0.751831,1122,704,254,252,3,2,12,8,255,255,94,88,0,0,3333.613799,127.576195,64.434182,98.052859,0.110414,0.06545,0.044964,0,1,0,0,0,3,2,1,1,1,1,1
58426,445,0.630553,1122,748,254,252,3,2,12,8,255,255,94,94,0,0,2965.047564,121.920414,54.473455,80.282711,0.118612,0.068564,0.050048,0,1,0,0,0,5,5,1,1,1,1,1
65207,445,1.226066,1482,718,254,252,3,2,12,8,255,255,124,90,0,0,6708.975734,253.919203,109.992997,161.413578,0.130015,0.096161,0.033854,0,1,0,0,0,6,5,1,1,1,1,1
10437,445,0.722388,1454,754,254,252,3,2,12,8,255,255,121,94,0,0,3207.051791,126.194422,62.460639,90.040859,0.157714,0.092092,0.065622,0,1,0,0,0,6,5,2,2,2,1,2
7611,445,0.484612,1470,764,254,252,3,2,12,8,255,255,123,96,0,0,2247.067788,80.583609,42.719182,61.66443,0.105968,0.05295,0.053018,0,1,0,0,0,6,5,2,2,2,1,2
14665,445,0.746704,1186,764,254,252,3,2,12,8,255,255,99,96,0,0,3454.55233,148.97525,66.577729,96.16357,0.153182,0.073555,0.079627,0,1,0,0,0,5,5,1,1,1,1,1
1054,445,0.615855,1486,738,254,252,3,2,12,8,255,255,124,92,0,0,3046.941634,90.625625,53.257183,76.933,0.124213,0.077313,0.0469,0,1,0,0,0,6,5,1,1,1,1,1
5489,445,0.726477,1502,742,254,252,3,2,12,8,255,255,125,93,0,0,3404.520273,129.675172,65.953457,93.317289,0.100723,0.07325,0.027473,0,1,0,0,0,6,5,1,2,1,1,1
64592,445,0.471917,1198,770,254,252,3,2,12,8,255,255,100,96,0,0,2210.919582,73.906016,41.554364,59.053715,0.115713,0.058538,0.057175,0,1,0,0,0,5,5,1,1,1,1,1
11811,445,0.543999,1018,740,254,252,3,2,12,8,255,255,85,93,0,0,2338.064234,83.596117,45.130636,70.36457,0.13508,0.051437,0.083643,0,1,0,0,0,5,5,1,1,1,1,1
6608,445,1.159184,1502,780,254,252,3,2,12,10,255,255,125,78,0,0,6704.075335,180.322375,102.866455,121.167109,0.129297,0.068669,0.060628,0,1,0,0,0,5,5,1,1,1,1,1
50542,445,0.639848,1026,690,254,252,3,2,12,8,255,255,86,86,0,0,3126.647221,119.312609,58.168001,78.74443,0.137041,0.050754,0.086287,0,1,0,0,0,4,4,2,2,2,1,2
7007,445,0.926091,1450,714,254,252,3,2,12,8,255,255,121,89,0,0,4303.990387,176.103813,80.89027,124.56143,0.152248,0.054151,0.098097,0,1,0,0,0,5,5,1,1,1,1,1
65461,445,0.784443,1130,772,254,252,3,2,12,8,255,255,94,97,0,0,3576.928144,143.159391,68.775815,98.729,0.266002,0.093329,0.172673,0,1,0,0,0,4,4,2,2,2,1,2
21604,445,0.940622,1494,818,254,252,3,2,12,10,255,255,125,82,0,0,6312.544028,136.172391,84.228547,96.832781,0.130609,0.069124,0.061485,0,1,0,0,0,5,5,2,2,2,1,2
13850,445,0.772161,1066,814,254,252,3,2,12,10,255,255,89,81,0,0,4416.534801,127.044219,69.037088,77.710781,0.138044,0.072754,0.06529,0,1,0,0,0,4,4,1,1,1,1,1
65467,445,0.502813,1258,756,254,252,3,2,12,8,255,255,105,95,0,0,2310.015862,76.291906,45.620091,60.593285,0.103328,0.078659,0.024669,0,1,0,0,0,4,4,1,1,1,1,1
47838,445,0.904129,1004,750,254,252,3,2,12,8,255,255,84,94,0,0,4607.5761,145.760156,74.696456,116.096289,0.138626,0.091445,0.047181,0,1,0,0,0,6,3,1,1,1,1,1
64716,445,1.630976,1012,712,254,252,3,2,12,8,255,255,84,89,0,0,7752.571461,312.360625,148.257543,218.043281,0.230973,0.104663,0.12631,0,1,0,0,0,6,3,1,1,1,1,1
13352,445,0.668918,1010,754,254,252,3,2,12,8,255,255,84,94,0,0,3087.79645,118.551977,60.725276,79.706859,0.211863,0.110969,0.100894,0,1,0,0,0,6,3,1,1,1,1,1
14423,445,1.081689,1014,736,254,252,3,2,12,8,255,255,85,92,0,0,5436.516252,195.806141,98.335366,145.945141,0.131835,0.059335,0.0725,0,1,0,0,0,3,2,1,1,1,1,1
22499,445,1.668897,1152,740,254,252,3,2,14,8,255,255,82,93,0,0,6964.642725,294.049188,128.376697,213.160578,0.299915,0.176032,0.123883,0,1,0,0,0,3,2,1,1,1,1,1
60457,445,1.082728,1260,814,254,252,3,2,12,10,255,255,105,81,0,0,5940.452358,165.396109,98.34427,110.122,0.176837,0.091626,0.085211,0,1,0,0,0,4,4,1,1,1,1,1
65101,445,1.157351,2026,822,254,252,3,2,12,10,255,255,169,82,0,0,5807.192472,176.641766,101.064906,115.385445,0.235945,0.118876,0.117069,0,1,0,0,0,4,4,1,1,1,1,1
1875,445,0.82079,3048,834,254,252,3,2,12,10,255,255,254,83,0,0,4816.478789,122.440945,74.617274,82.342,0.117934,0.058102,0.059832,0,1,0,0,0,4,4,1,1,1,1,1
64719,445,0.745224,17782,862,254,252,8,2,22,10,255,255,808,86,0,0,2393.413203,106.372453,35.486857,72.301781,0.168788,0.093744,0.075044,0,1,0,0,0,4,4,1,1,1,1,1
65488,445,0.676755,1002,714,254,252,3,2,12,8,255,255,84,89,0,0,3482.737652,108.969445,61.434364,85.767711,0.132489,0.076378,0.056111,0,1,0,0,0,4,4,1,1,1,1,1
14457,445,1.127514,1062,802,254,252,3,2,12,10,255,255,89,80,0,0,5828.732152,169.907531,102.501271,106.367109,0.17355,0.099781,0.073769,0,1,0,0,0,4,4,1,1,1,1,1
65463,445,0.795279,1262,724,254,252,3,2,12,8,255,255,105,91,0,0,3608.931963,137.417844,72.298088,101.94,0.142718,0.080997,0.061721,0,1,0,0,0,4,4,1,1,1,1,1
23240,445,0.84782,2022,746,254,252,3,2,12,8,255,255,169,93,0,0,3711.976323,138.089078,72.521364,109.409289,0.183809,0.081945,0.101864,0,1,0,0,0,4,4,1,1,1,1,1
49021,445,1.051113,3046,860,254,252,3,2,12,10,255,255,254,86,0,0,5388.203933,160.668625,87.149727,106.197781,0.179092,0.095326,0.083766,0,1,0,0,0,4,4,1,1,1,1,1
64663,445,0.903513,17786,910,254,252,8,2,22,12,255,255,808,76,0,0,3636.95195,111.575648,43.02443,71.261453,0.129412,0.07823,0.051182,0,1,0,0,0,4,4,1,1,1,1,1
42892,445,0.736837,1006,742,254,252,3,2,12,8,255,255,84,93,0,0,3251.330281,123.406781,66.908727,93.732141,0.14647,0.080706,0.065764,0,1,0,0,0,4,4,1,1,1,1,1
13615,445,0.866144,1066,738,254,252,3,2,12,8,255,255,89,92,0,0,3819.785422,147.738969,75.989,112.082711,0.170071,0.081561,0.08851,0,1,0,0,0,4,4,1,1,1,1,1
65303,445,0.887325,1254,746,254,252,3,2,12,8,255,255,105,93,0,0,4048.313725,171.436766,76.743727,118.986859,0.130308,0.054416,0.075892,0,1,0,0,0,4,3,2,3,2,1,2
60730,445,0.5385,2030,746,254,252,3,2,12,8,255,255,169,93,0,0,2427.307865,92.288609,46.225545,70.54657,0.090633,0.04467,0.045963,0,1,0,0,0,4,3,2,3,2,1,2
56377,445,0.45135,3042,702,254,252,3,2,12,8,255,255,254,88,0,0,2211.560984,70.750867,40.949636,53.468715,0.142671,0.077065,0.065606,0,1,0,0,0,4,3,1,1,1,1,1
12356,445,0.922167,17784,860,254,252,8,2,22,10,255,255,808,86,0,0,3636.689756,213.119719,43.871809,95.035336,0.176275,0.066846,0.109429,0,1,0,0,0,3,4,1,1,1,1,1
65535,445,0.930663,1010,736,254,252,3,2,12,8,255,255,84,92,0,0,4342.082194,166.920422,84.518091,111.920289,0.236323,0.147217,0.089106,0,1,0,0,0,3,4,2,1,1,1,1
64722,445,32.594028,2160,1466,254,252,7,6,24,16,255,255,90,92,0,0,206350.617,7786.616,1415.512522,2168.3885,0.140326,0.068197,0.072129,0,1,0,0,0,3,4,1,1,1,1,1
64722,445,32.594028,2160,1466,254,252,7,6,24,16,255,255,90,92,0,0,206350.617,7786.616,1415.512522,2168.3885,0.140326,0.068197,0.072129,0,1,0,0,0,3,4,1,1,1,1,1
14521,445,0.754277,1250,712,254,252,3,2,12,8,255,255,104,89,0,0,3547.32959,137.2275,65.044273,97.996,0.086634,0.068303,0.018331,0,1,0,0,0,6,7,2,2,2,1,2
60345,445,0.480958,2026,736,254,252,3,2,12,8,255,255,169,92,0,0,2125.212301,73.209258,41.864818,59.94257,0.109515,0.061352,0.048163,0,1,0,0,0,6,7,2,2,2,1,2
14420,445,0.614495,3042,768,254,252,3,2,12,8,255,255,254,96,0,0,2933.920001,99.307969,55.732545,77.17357,0.132982,0.074277,0.058705,0,1,0,0,0,6,7,1,2,1,1,1
64835,445,0.555921,17778,808,254,252,8,2,22,10,255,255,808,81,0,0,1879.831392,80.988555,26.47243,55.791223,0.09885,0.053389,0.045461,0,1,0,0,0,6,7,2,1,1,1,1
11730,445,0.509117,1058,752,254,252,3,2,12,8,255,255,88,94,0,0,2326.488831,77.563266,43.749089,64.139145,0.120684,0.060137,0.060547,0,1,0,0,0,6,7,2,1,1,1,1
19628,445,0.694448,1070,714,254,252,3,2,12,8,255,255,89,89,0,0,3093.724638,100.130687,60.839182,82.57043,0.173898,0.116454,0.057444,0,1,0,0,0,6,6,2,1,1,1,1
49118,445,0.97834,1060,762,254,252,3,2,12,8,255,255,88,95,0,0,4767.951524,222.057469,87.148453,126.37857,0.233413,0.093686,0.139727,0,1,0,0,0,6,6,1,1,1,1,1
23356,445,0.646581,1058,796,254,252,3,2,12,10,255,255,88,80,0,0,3787.598413,106.708055,57.389726,65.001445,0.118571,0.06156,0.057011,0,1,0,0,0,6,6,1,2,1,1,1
65466,445,0.616043,1068,756,254,252,3,2,12,8,255,255,89,95,0,0,2588.489919,94.291289,52.358271,74.646711,0.136302,0.093509,0.042793,0,1,0,0,0,6,6,2,2,2,1,2
1313,445,0.546921,1058,758,254,252,3,2,12,8,255,255,88,95,0,0,2424.492017,90.142,47.720635,65.41343,0.141146,0.089019,0.052127,0,1,0,0,0,6,6,2,2,2,1,2
64691,445,0.470529,1062,754,254,252,3,2,12,8,255,255,89,94,0,0,2006.785803,77.982789,38.622365,61.300855,0.09698,0.041413,0.055567,0,1,0,0,0,9,6,2,3,2,1,2
64717,445,0.409817,1060,708,254,252,3,2,12,8,255,255,88,89,0,0,1896.279887,68.2805,37.256091,53.052285,0.098976,0.037865,0.061111,0,1,0,0,0,9,6,2,3,2,1,2
65475,445,0.632081,1058,816,254,252,3,2,12,10,255,255,88,82,0,0,3824.00491,113.752352,57.382454,66.651219,0.091129,0.03221,0.058919,0,1,0,0,0,9,6,1,1,1,1,1
47247,445,0.765195,1060,818,254,252,3,2,12,10,255,255,88,82,0,0,4423.791721,127.249938,68.467001,79.676336,0.138124,0.048102,0.090022,0,1,0,0,0,9,6,1,2,1,1,1
14442,445,0.506427,1066,714,254,252,3,2,12,8,255,255,89,89,0,0,2294.61812,85.006734,43.52091,59.455145,0.166701,0.090234,0.076467,0,1,0,0,0,9,6,1,2,1,1,1
65372,445,0.535707,1060,716,254,252,3,2,12,8,255,255,88,90,0,0,2394.944393,94.085047,46.404271,67.109141,0.098869,0.065935,0.032934,0,1,0,0,0,4,5,1,1,1,1,1
23052,445,0.711807,1064,842,254,252,3,2,12,10,255,255,89,84,0,0,3721.267831,126.811703,64.709729,74.517219,0.103548,0.040322,0.063226,0,1,0,0,0,9,6,1,1,1,1,1
13690,445,0.677523,1066,790,254,252,3,2,12,10,255,255,89,79,0,0,4151.459927,111.324586,59.287636,70.771555,0.107777,0.040575,0.067202,0,1,0,0,0,4,5,2,1,1,1,1
137,137,22.381863,11136,0,254,0,0,0,116,0,0,0,96,0,0,0,228.057125,0,194.624875,0,0,0,0,0,2,0,0,0,2,2,2,2,1,1,2
51833,514,0.000013,2036,0,254,0,0,0,2,0,0,0,1018,0,0,0,0,0,0.013,0,0,0,0,0,2,0,0,0,34,34,4,4,4,1,4
26277,514,0.000013,498,0,254,0,0,0,2,0,0,0,249,0,0,0,0,0,0.013,0,0,0,0,0,2,0,0,0,34,34,4,4,4,1,4
31665,514,0.000012,1146,0,254,0,0,0,2,0,0,0,573,0,0,0,0,0,0.012,0,0,0,0,0,2,0,0,0,34,34,4,4,4,1,4
64183,514,0.000013,1034,0,254,0,0,0,2,0,0,0,517,0,0,0,0,0,0.013,0,0,0,0,0,2,0,0,0,34,34,4,4,4,1,4
42268,514,0.000013,1262,0,254,0,0,0,2,0,0,0,631,0,0,0,0,0,0.013,0,0,0,0,0,2,0,0,0,34,34,14,14,14,1,14
29894,514,0.000004,170,0,254,0,0,0,2,0,0,0,85,0,0,0,0,0,0.004,0,0,0,0,0,2,0,0,0,34,34,14,14,14,1,14
45224,514,0.000013,1350,0,254,0,0,0,2,0,0,0,675,0,0,0,0,0,0.013,0,0,0,0,0,2,0,0,0,34,34,14,14,14,1,14
64929,514,0.000012,1864,0,254,0,0,0,2,0,0,0,932,0,0,0,0,0,0.012,0,0,0,0,0,2,0,0,0,34,34,14,14,14,1,14
17685,514,0.000012,504,0,254,0,0,0,2,0,0,0,252,0,0,0,0,0,0.012,0,0,0,0,0,2,0,0,0,34,34,14,14,14,1,14
32591,514,0.000013,1170,0,254,0,0,0,2,0,0,0,585,0,0,0,0,0,0.013,0,0,0,0,0,2,0,0,0,34,34,14,14,14,1,14
20140,514,0.000012,1024,0,254,0,0,0,2,0,0,0,512,0,0,0,0,0,0.012,0,0,0,0,0,2,0,0,0,34,34,14,14,14,1,14
55412,514,0.000013,2102,0,254,0,0,0,2,0,0,0,1051,0,0,0,0,0,0.013,0,0,0,0,0,2,0,0,0,34,34,14,14,14,1,14
8230,514,0.000012,1412,0,254,0,0,0,2,0,0,0,706,0,0,0,0,0,0.012,0,0,0,0,0,2,0,0,0,34,34,14,14,14,1,14
30356,514,0.000005,1130,0,254,0,0,0,2,0,0,0,565,0,0,0,0,0,0.005,0,0,0,0,0,2,0,0,0,34,34,14,14,14,1,14
61106,514,0.000013,1710,0,254,0,0,0,2,0,0,0,855,0,0,0,0,0,0.013,0,0,0,0,0,2,0,0,0,34,34,14,14,14,1,14
29208,514,0.00001,1792,0,254,0,0,0,2,0,0,0,896,0,0,0,0,0,0.01,0,0,0,0,0,2,0,0,0,34,34,14,14,14,1,14
61026,514,0.000013,1244,0,254,0,0,0,2,0,0,0,622,0,0,0,0,0,0.013,0,0,0,0,0,2,0,0,0,34,34,14,14,14,1,14
28301,514,0.000013,2096,0,254,0,0,0,2,0,0,0,1048,0,0,0,0,0,0.013,0,0,0,0,0,2,0,0,0,34,34,14,14,14,1,14
61075,514,0.000012,828,0,254,0,0,0,2,0,0,0,414,0,0,0,0,0,0.012,0,0,0,0,0,2,0,0,0,34,34,16,16,15,1,16
19678,514,0.000012,280,0,254,0,0,0,2,0,0,0,140,0,0,0,0,0,0.012,0,0,0,0,0,2,0,0,0,34,34,16,16,15,1,16
45086,514,0.000013,1886,0,254,0,0,0,2,0,0,0,943,0,0,0,0,0,0.013,0,0,0,0,0,2,0,0,0,38,36,1,2,1,1,1
65051,514,0.000013,1764,0,254,0,0,0,2,0,0,0,882,0,0,0,0,0,0.013,0,0,0,0,0,2,0,0,0,34,34,16,16,15,1,16
29126,514,0.000012,1438,0,254,0,0,0,2,0,0,0,719,0,0,0,0,0,0.012,0,0,0,0,0,2,0,0,0,34,34,16,16,15,1,16
30681,514,0.000013,926,0,254,0,0,0,2,0,0,0,463,0,0,0,0,0,0.013,0,0,0,0,0,2,0,0,0,34,34,16,16,15,1,16
23425,514,0.000013,1358,0,254,0,0,0,2,0,0,0,679,0,0,0,0,0,0.013,0,0,0,0,0,2,0,0,0,34,34,16,16,15,1,16
15248,514,0.000013,1092,0,254,0,0,0,2,0,0,0,546,0,0,0,0,0,0.013,0,0,0,0,0,2,0,0,0,34,34,16,16,15,1,16
46000,514,0.000005,968,0,254,0,0,0,2,0,0,0,484,0,0,0,0,0,0.005,0,0,0,0,0,2,0,0,0,34,34,16,16,15,1,16
60657,514,0.000005,1264,0,254,0,0,0,2,0,0,0,632,0,0,0,0,0,0.005,0,0,0,0,0,2,0,0,0,34,34,16,16,15,1,16
26666,514,0.000013,804,0,254,0,0,0,2,0,0,0,402,0,0,0,0,0,0.013,0,0,0,0,0,2,0,0,0,34,34,16,16,15,1,16
29802,514,0.000013,936,0,254,0,0,0,2,0,0,0,468,0,0,0,0,0,0.013,0,0,0,0,0,2,0,0,0,34,34,16,16,15,1,16
63384,514,0.000013,2152,0,254,0,0,0,2,0,0,0,1076,0,0,0,0,0,0.013,0,0,0,0,0,2,0,0,0,34,34,16,16,15,1,16
54930,514,0.000013,552,0,254,0,0,0,2,0,0,0,276,0,0,0,0,0,0.013,0,0,0,0,0,2,0,0,0,34,34,16,16,15,1,16
4838,514,0.000013,1776,0,254,0,0,0,2,0,0,0,888,0,0,0,0,0,0.013,0,0,0,0,0,2,0,0,0,34,34,16,16,15,1,16
64283,514,0.000013,1666,0,254,0,0,0,2,0,0,0,833,0,0,0,0,0,0.013,0,0,0,0,0,2,0,0,0,34,34,16,16,15,1,16
30019,514,0.000013,928,0,254,0,0,0,2,0,0,0,464,0,0,0,0,0,0.013,0,0,0,0,0,2,0,0,0,38,36,14,14,14,1,14
29837,514,0.00001,668,0,254,0,0,0,2,0,0,0,334,0,0,0,0,0,0.01,0,0,0,0,0,2,0,0,0,38,36,14,14,14,1,14
26467,514,0.000013,2164,0,254,0,0,0,2,0,0,0,1082,0,0,0,0,0,0.013,0,0,0,0,0,2,0,0,0,38,36,14,14,14,1,14
29191,514,0.000013,1028,0,254,0,0,0,2,0,0,0,514,0,0,0,0,0,0.013,0,0,0,0,0,2,0,0,0,38,36,14,14,14,1,14
31999,514,0.000008,642,0,254,0,0,0,2,0,0,0,321,0,0,0,0,0,0.008,0,0,0,0,0,2,0,0,0,38,36,14,14,14,1,14
23603,514,0.000013,2084,0,254,0,0,0,2,0,0,0,1042,0,0,0,0,0,0.013,0,0,0,0,0,2,0,0,0,38,36,14,14,14,1,14
29626,514,0.000013,1032,0,254,0,0,0,2,0,0,0,516,0,0,0,0,0,0.013,0,0,0,0,0,2,0,0,0,38,36,14,14,14,1,14
40056,514,0.000013,1126,0,254,0,0,0,2,0,0,0,563,0,0,0,0,0,0.013,0,0,0,0,0,2,0,0,0,38,36,14,14,14,1,14
64985,514,0.000013,1076,0,254,0,0,0,2,0,0,0,538,0,0,0,0,0,0.013,0,0,0,0,0,2,0,0,0,38,36,14,14,14,1,14
21892,514,0.000012,550,0,254,0,0,0,2,0,0,0,275,0,0,0,0,0,0.012,0,0,0,0,0,2,0,0,0,38,36,14,14,14,1,14
26830,514,0.000013,1080,0,254,0,0,0,2,0,0,0,540,0,0,0,0,0,0.013,0,0,0,0,0,2,0,0,0,38,36,14,14,14,1,14
65461,514,0.000013,1564,0,254,0,0,0,2,0,0,0,782,0,0,0,0,0,0.013,0,0,0,0,0,2,0,0,0,38,36,14,14,14,1,14
28430,514,0.00001,1746,0,254,0,0,0,2,0,0,0,873,0,0,0,0,0,0.01,0,0,0,0,0,2,0,0,0,38,36,14,14,14,1,14
64206,514,0.000012,834,0,254,0,0,0,2,0,0,0,417,0,0,0,0,0,0.012,0,0,0,0,0,2,0,0,0,38,36,14,14,14,1,14
18033,514,0.000012,936,0,254,0,0,0,2,0,0,0,468,0,0,0,0,0,0.012,0,0,0,0,0,2,0,0,0,38,36,16,17,16,1,16
49381,514,0.000013,990,0,254,0,0,0,2,0,0,0,495,0,0,0,0,0,0.013,0,0,0,0,0,2,0,0,0,38,36,16,17,16,1,16
64284,514,0.000013,1980,0,254,0,0,0,2,0,0,0,990,0,0,0,0,0,0.013,0,0,0,0,0,2,0,0,0,38,36,16,17,16,1,16
27711,179,0.441626,774,556,254,252,4,3,14,10,255,255,55,56,0,0,1722.028173,65.415523,33.117538,48.314777,0.053172,0.006789,0.046383,0,1,0,0,0,4,1,1,1,1,1,1
5773,179,0.584378,774,642,254,252,4,3,14,12,255,255,55,54,0,0,2995.410113,89.655273,44.35246,48.541727,0.096029,0.050408,0.045621,0,1,0,0,0,4,3,1,1,1,1,1
2542,179,0.545983,774,642,254,252,4,3,14,12,255,255,55,54,0,0,2944.064866,88.548383,41.296306,45.19891,0.093723,0.048791,0.044932,0,1,0,0,0,4,3,2,2,2,1,2
4440,179,0.618118,774,642,254,252,4,3,14,12,255,255,55,54,0,0,3117.103831,98.018102,47.004078,51.198637,0.12201,0.054922,0.067088,0,1,0,0,0,4,3,2,2,2,1,2
24249,445,0.307854,1124,772,254,252,3,2,12,8,255,255,94,97,0,0,1416.596968,60.53716,26.826636,43.106,0.051694,0.006101,0.045593,0,1,0,0,0,11,9,1,1,1,1,1
31851,445,0.508052,1126,856,254,252,3,2,12,10,255,255,94,86,0,0,3342.882696,95.545016,45.677183,50.428668,0.101273,0.054186,0.047087,0,1,0,0,0,11,9,3,3,2,1,3
7989,445,0.575259,1186,796,254,252,3,2,12,10,255,255,99,80,0,0,3359.013092,97.470211,50.218181,58.696668,0.091345,0.046986,0.044359,0,1,0,0,0,11,9,3,3,2,1,3
5932,445,0.479604,1198,752,254,252,3,2,12,8,255,255,100,94,0,0,2924.60103,117.251086,43.036908,61.319,0.096438,0.050367,0.046071,0,1,0,0,0,11,9,3,4,3,1,3
4680,445,0.250602,1014,722,254,252,3,2,12,8,255,255,85,90,0,0,1204.429423,38.27109,21.796909,28.865143,0.083558,0.048535,0.035023,0,1,0,0,0,11,9,3,4,3,1,3
10675,445,0.496406,1126,758,254,252,3,2,12,8,255,255,94,95,0,0,2815.089214,106.880461,44.165181,63.112,0.073575,0.054612,0.018963,0,1,0,0,0,11,9,3,4,3,1,3
3412,445,0.621625,1020,852,254,252,3,2,12,10,255,255,85,85,0,0,3711.821591,105.5685,54.704817,63.643668,0.096352,0.048828,0.047524,0,1,0,0,0,11,9,1,2,1,1,1
27486,445,0.377738,1058,758,254,252,3,2,12,8,255,255,88,95,0,0,1790.725759,59.260781,33.441001,46.857715,0.09788,0.049729,0.048151,0,1,0,0,0,11,9,1,1,1,1,1
6837,445,0.490909,1096,828,254,252,3,2,12,10,255,255,91,83,0,0,2926.415975,95.839516,43.812273,51.577109,0.082249,0.026685,0.055564,0,1,0,0,0,9,8,1,1,1,1,1
21735,445,0.406934,1252,734,254,252,3,2,12,8,255,255,104,92,0,0,1871.694607,75.091531,35.853637,48.570715,0.112647,0.066932,0.045715,0,1,0,0,0,9,8,2,3,2,1,2
2886,445,0.31915,1002,760,254,252,3,2,12,8,255,255,84,95,0,0,1516.904261,51.158699,27.996455,39.123285,0.057712,0.045284,0.012428,0,1,0,0,0,9,8,2,3,2,1,2
53053,445,0.631553,1010,850,254,252,3,2,12,10,255,255,84,85,0,0,4000.11513,108.570781,56.308547,64.172555,0.125442,0.053997,0.071445,0,1,0,0,0,9,8,3,3,3,1,3
9057,445,0.347872,1004,738,254,252,3,2,12,8,255,255,84,92,0,0,1562.247201,63.34991,31.624727,40.979285,0.063578,0.038463,0.025115,0,1,0,0,0,9,8,3,3,3,1,3
5742,445,0.274035,1008,762,254,252,3,2,12,8,255,255,84,95,0,0,1169.310039,45.939074,23.627183,35.014,0.063441,0.028936,0.034505,0,1,0,0,0,9,8,3,3,3,1,3
25996,445,0.620719,1256,710,254,252,3,2,12,8,255,255,105,89,0,0,3081.976123,150.893047,55.007456,83.752141,0.115856,0.034443,0.081413,0,1,0,0,0,9,8,2,2,2,1,2
15925,445,0.331993,1068,732,254,252,3,2,12,8,255,255,89,92,0,0,1322.202192,55.514535,26.444545,43.620145,0.052746,0.026649,0.026097,0,1,0,0,0,9,8,2,2,2,1,2
32640,445,0.346612,2026,766,254,252,3,2,12,8,255,255,169,96,0,0,1533.242319,58.146324,30.311,44.339715,0.055727,0.036233,0.019494,0,1,0,0,0,6,8,3,2,2,1,2
2273,445,0.409345,3054,732,254,252,3,2,12,8,255,255,255,92,0,0,1800.032426,63.660855,37.183999,49.741285,0.081285,0.061149,0.020136,0,1,0,0,0,6,8,3,2,2,1,2
40619,21,0.528125,586,682,254,252,3,4,12,12,255,255,49,57,0,0,2550.429462,71.182242,48.011362,45.418,0.132241,0.02779,0.104451,0,1,0,0,0,4,8,3,2,1,1,1
32916,21,0.977829,68106,1026,254,252,28,4,62,20,255,255,1098,51,0,0,1576.810936,63.614312,16.029984,49.689211,0.079012,0.033063,0.045949,0,1,0,0,0,4,8,1,1,1,1,1
57529,445,0.415207,1010,776,254,252,3,2,12,8,255,255,84,97,0,0,1793.344971,63.192863,34.824362,51.778715,0.080838,0.052752,0.028086,0,1,0,0,0,6,8,2,2,2,1,2
31008,445,0.510524,1066,724,254,252,3,2,12,8,255,255,89,91,0,0,2349.361329,89.567867,44.089999,63.676145,0.128661,0.06479,0.063871,0,1,0,0,0,6,8,2,2,2,1,2
8791,445,0.41185,2028,720,254,252,3,2,12,8,255,255,169,90,0,0,1938.097917,65.935563,35.704999,48.96243,0.122923,0.069102,0.053821,0,1,0,0,0,6,8,2,2,2,1,2
7818,445,0.450328,1260,748,254,252,3,2,12,8,255,255,105,94,0,0,2098.438148,86.354508,39.410183,56.361855,0.126604,0.055791,0.070813,0,1,0,0,0,6,8,2,2,2,1,2
22877,445,0.503495,17786,822,254,252,8,2,22,10,255,255,808,82,0,0,1817.49257,65.290004,23.244763,37.433891,0.215169,0.166587,0.048582,0,1,0,0,0,7,7,2,2,2,1,2
5359,445,0.454572,3052,708,254,252,3,2,12,8,255,255,254,89,0,0,2109.755904,84.568242,39.936726,57.54743,0.097653,0.05173,0.045923,0,1,0,0,0,7,7,2,2,2,1,2
3689,445,0.597152,1012,782,254,252,3,2,12,10,255,255,84,78,0,0,3577.921464,99.14332,52.71609,59.525891,0.112814,0.061414,0.0514,0,1,0,0,0,7,7,1,1,1,1,1
5760,445,0.636102,1064,850,254,252,3,2,12,10,255,255,89,85,0,0,3772.23144,97.92682,56.093908,60.695332,0.108189,0.089833,0.018356,0,1,0,0,0,7,7,2,2,2,1,2
3024,445,0.606042,1252,816,254,252,3,2,12,10,255,255,104,82,0,0,3852.080408,110.612242,54.279636,60.952555,0.09799,0.057458,0.040532,0,1,0,0,0,7,7,2,2,2,1,2
30182,445,0.424793,3052,752,254,252,3,2,12,8,255,255,254,94,0,0,1944.501457,72.616992,36.735817,54.08843,0.070042,0.046169,0.023873,0,1,0,0,0,7,7,2,2,2,1,2
9644,445,0.342772,2030,762,254,252,3,2,12,8,255,255,169,95,0,0,1532.176449,54.762176,29.620454,41.406285,0.091037,0.052925,0.038112,0,1,0,0,0,7,7,2,2,2,1,2
61196,445,0.585867,17786,822,254,252,8,2,22,10,255,255,808,82,0,0,1952.764453,90.355977,27.031285,55.404332,0.158475,0.087217,0.071258,0,1,0,0,0,7,8,2,2,2,1,2
26459,445,0.523789,1006,732,254,252,3,2,12,8,255,255,84,92,0,0,2399.174791,96.834523,45.585183,65.187285,0.138821,0.067467,0.071354,0,1,0,0,0,7,8,2,2,2,1,2
31789,445,0.534649,1060,764,254,252,3,2,12,8,255,255,88,96,0,0,2341.847467,96.403828,44.046091,69.34057,0.106002,0.049258,0.056744,0,1,0,0,0,7,8,1,1,1,1,1
32753,445,0.502965,2022,710,254,252,3,2,12,8,255,255,169,89,0,0,2390.732164,77.835188,44.41882,56.774145,0.166378,0.105535,0.060843,0,1,0,0,0,7,8,3,2,2,1,2
2579,445,0.679894,1254,796,254,252,3,2,12,10,255,255,105,80,0,0,3824.64808,112.620664,58.184182,70.114336,0.105885,0.048864,0.057021,0,1,0,0,0,7,8,3,2,2,1,2
7824,445,0.648524,3048,732,254,252,3,2,12,8,255,255,254,92,0,0,3219.848629,140.9435,56.674272,81.099711,0.153258,0.080816,0.072442,0,1,0,0,0,7,8,1,1,1,1,1
5576,445,0.580352,1062,708,254,252,3,2,12,8,255,255,89,89,0,0,2565.837779,78.825445,48.437092,59.933,0.194038,0.160811,0.033227,0,1,0,0,0,5,5,1,1,1,1,1
18746,445,0.532194,17782,832,254,252,8,2,22,10,255,255,808,83,0,0,1838.842698,76.91732,24.311763,53.400777,0.090853,0.051577,0.039276,0,1,0,0,0,7,8,1,1,1,1,1
8915,445,0.711995,1064,704,254,252,3,2,12,8,255,255,89,88,0,0,3215.169955,123.168312,62.318912,90.23743,0.140057,0.080322,0.059735,0,1,0,0,0,5,5,1,1,1,1,1
15573,445,0.796308,1058,842,254,252,3,2,12,10,255,255,88,84,0,0,4447.743917,113.296141,69.791726,79.146891,0.119332,0.083976,0.035356,0,1,0,0,0,5,5,1,1,1,1,1
23729,445,0.530217,1068,736,254,252,3,2,12,8,255,255,89,92,0,0,2430.536746,84.304078,48.201545,63.88657,0.146265,0.082384,0.063881,0,1,0,0,0,5,5,1,1,1,1,1
6487,445,0.712448,1068,738,254,252,3,2,12,8,255,255,89,92,0,0,3475.324325,137.0145,63.371909,88.83643,0.118376,0.090582,0.027794,0,1,0,0,0,5,5,1,1,1,1,1
24699,445,0.746098,1062,734,254,252,3,2,12,8,255,255,89,92,0,0,3688.684144,105.495695,66.407271,77.893141,0.319609,0.200835,0.118774,0,1,0,0,0,4,5,2,2,2,1,2
4543,445,0.661946,1070,708,254,252,3,2,12,8,255,255,89,89,0,0,3115.891833,107.899461,57.717183,74.072289,0.249162,0.143429,0.105733,0,1,0,0,0,4,5,2,2,2,1,2
2216,445,0.78158,1060,832,254,252,3,2,12,10,255,255,88,83,0,0,4566.270225,113.826656,69.627457,78.272555,0.126879,0.077117,0.049762,0,1,0,0,0,4,5,1,1,1,1,1
5840,445,0.597901,1062,742,254,252,3,2,12,8,255,255,89,93,0,0,2499.895128,88.695484,51.100455,76.110859,0.105908,0.065118,0.04079,0,1,0,0,0,4,5,2,1,1,1,1
10669,445,0.885948,1062,812,254,252,3,2,12,10,255,255,89,81,0,0,5114.364856,130.370039,77.685817,88.934555,0.131987,0.085527,0.04646,0,1,0,0,0,2,1,1,1,1,1,1
5951,445,32.574448,18484,1550,254,252,12,4,32,18,255,255,578,86,0,0,177331.239,7333.519,1049.94771,1912.402625,0.162399,0.0636,0.098799,0,1,0,0,0,4,5,1,1,1,1,1
5951,445,32.574448,18484,1550,254,252,12,4,32,18,255,255,578,86,0,0,177331.239,7333.519,1049.94771,1912.402625,0.162399,0.0636,0.098799,0,1,0,0,0,4,5,1,1,1,1,1
54644,445,0.652284,1058,782,254,252,3,2,12,10,255,255,88,78,0,0,4098.3586,98.514922,57.557272,64.257332,0.123014,0.073965,0.049049,0,1,0,0,0,4,5,3,2,2,1,2
30886,445,0.646701,1060,838,254,252,3,2,12,10,255,255,88,84,0,0,3623.989506,114.534914,57.781089,64.359332,0.126433,0.067464,0.058969,0,1,0,0,0,4,5,3,2,2,1,2
32384,445,0.642727,1060,824,254,252,3,2,12,10,255,255,88,82,0,0,3807.421181,103.300813,57.149455,65.644781,0.108295,0.05192,0.056375,0,1,0,0,0,4,5,1,1,1,1,1
137,137,4.743202,8736,0,254,0,0,0,112,0,0,0,78,0,0,0,79.256563,0,42.731551,0,0,0,0,0,2,0,0,0,1,1,1,1,1,1,1
137,137,4.743202,8736,0,254,0,0,0,112,0,0,0,78,0,0,0,79.256563,0,42.731551,0,0,0,0,0,2,0,0,0,1,1,1,1,1,1,1
54353,445,0.281634,994,722,254,252,3,2,12,8,255,255,83,90,0,0,1344.750636,58.565195,25.064546,39.29843,0.055054,0.006534,0.04852,0,1,0,0,0,9,9,2,2,2,1,2
63919,445,0.513015,994,806,254,252,3,2,12,10,255,255,83,81,0,0,3598.72774,96.899281,46.034455,51.808891,0.092348,0.046724,0.045624,0,1,0,0,0,9,9,2,2,2,1,2
59932,445,0.291528,994,762,254,252,3,2,12,8,255,255,83,95,0,0,1425.353885,55.95402,26.502545,36.225855,0.050823,0.032905,0.017918,0,1,0,0,0,9,9,2,2,2,1,2
48327,445,0.533472,994,836,254,252,3,2,12,10,255,255,83,84,0,0,3418.09368,100.525641,48.497456,52.834332,0.106187,0.04935,0.056837,0,1,0,0,0,9,9,2,2,2,1,2
60543,445,0.400721,994,718,254,252,3,2,12,8,255,255,83,90,0,0,1849.290552,65.397094,36.429181,49.92,0.067229,0.050615,0.016614,0,1,0,0,0,9,9,2,2,2,1,2
54484,445,0.537744,994,828,254,252,3,2,12,10,255,255,83,83,0,0,3471.5023,98.396781,48.337546,54.288109,0.101329,0.049136,0.052193,0,1,0,0,0,9,9,2,2,2,1,2
50761,445,0.235629,994,726,254,252,3,2,12,8,255,255,83,91,0,0,1044.796149,43.980027,20.409454,30.526572,0.070335,0.021931,0.048404,0,1,0,0,0,9,9,3,3,3,1,3
61055,445,0.45983,994,744,254,252,3,2,12,8,255,255,83,93,0,0,2216.505039,82.333938,39.926728,61.571,0.053046,0.028822,0.024224,0,1,0,0,0,9,9,3,3,3,1,3
64464,445,0.286293,994,750,254,252,3,2,12,8,255,255,83,94,0,0,1289.204484,52.321141,24.589272,37.135,0.057936,0.026337,0.031599,0,1,0,0,0,9,9,3,3,3,1,3
60269,445,0.290003,994,750,254,252,3,2,12,8,255,255,83,94,0,0,1302.438951,43.348723,25.017727,33.428855,0.083189,0.055991,0.027198,0,1,0,0,0,8,7,1,2,1,1,1
49599,445,0.305956,994,736,254,252,3,2,12,8,255,255,83,92,0,0,1357.779306,51.406207,26.624273,38.402,0.068376,0.037139,0.031237,0,1,0,0,0,8,7,3,3,3,1,3
55044,445,0.51986,994,720,254,252,3,2,12,8,255,255,83,90,0,0,2422.903586,100.302516,45.814817,63.879285,0.138457,0.072694,0.065763,0,1,0,0,0,8,7,3,3,3,1,3
54464,445,0.547173,994,828,254,252,3,2,12,10,255,255,83,83,0,0,3227.876271,99.788891,47.925092,52.909777,0.100826,0.070975,0.029851,0,1,0,0,0,8,7,3,3,3,1,3
64437,445,0.597571,994,810,254,252,3,2,12,10,255,255,83,81,0,0,3622.177105,99.391312,53.261818,57.279891,0.114316,0.082042,0.032274,0,1,0,0,0,8,7,1,1,1,1,1
60637,445,0.596947,994,804,254,252,3,2,12,10,255,255,83,80,0,0,3505.609079,111.795937,53.118454,60.077891,0.122877,0.056235,0.066642,0,1,0,0,0,8,7,2,2,2,1,2
60155,445,0.323037,994,744,254,252,3,2,12,8,255,255,83,93,0,0,1520.891504,46.757094,28.117,38.265855,0.107068,0.055175,0.051893,0,1,0,0,0,8,7,2,2,2,1,2
48741,445,0.434458,994,738,254,252,3,2,12,8,255,255,83,92,0,0,1995.173861,73.283094,38.194817,50.62757,0.130688,0.080054,0.050634,0,1,0,0,0,7,8,2,2,2,1,2
54469,445,0.469009,994,698,254,252,3,2,12,8,255,255,83,87,0,0,2053.38633,73.304195,40.566,55.412285,0.131099,0.081112,0.049987,0,1,0,0,0,7,8,2,2,2,1,2
64820,445,0.612959,994,760,254,252,3,2,12,8,255,255,83,95,0,0,2824.413881,114.091648,54.429365,78.91757,0.139233,0.060529,0.078704,0,1,0,0,0,7,8,3,2,2,1,2
54384,445,0.644262,994,802,254,252,3,2,12,10,255,255,83,80,0,0,3754.519525,106.063172,57.066544,65.295223,0.105452,0.056602,0.04885,0,1,0,0,0,7,8,3,2,2,1,2
64273,445,0.435823,994,762,254,252,3,2,12,8,255,255,83,95,0,0,1918.615233,74.011781,37.377364,52.718145,0.11916,0.066785,0.052375,0,1,0,0,0,7,8,2,2,2,1,2
52553,445,0.369034,994,722,254,252,3,2,12,8,255,255,83,90,0,0,1709.11357,67.833711,32.265637,48.862715,0.081117,0.026986,0.054131,0,1,0,0,0,7,8,2,2,2,1,2
58678,445,0.477206,994,752,254,252,3,2,12,8,255,255,83,94,0,0,2166.309305,87.113711,41.876092,57.078715,0.129818,0.077651,0.052167,0,1,0,0,0,7,8,1,1,1,1,1
61374,445,0.433083,994,736,254,252,3,2,12,8,255,255,83,92,0,0,1797.582046,67.00175,36.571362,56.302715,0.068928,0.038953,0.029975,0,1,0,0,0,4,4,3,2,2,1,2
60549,445,0.604878,1080,760,254,252,3,2,14,8,255,255,77,95,0,0,3073.453261,121.070492,44.668078,82.104711,0.065604,0.030139,0.035465,0,1,0,0,0,4,4,3,2,2,1,2
29304,179,0.473838,774,556,254,252,4,3,14,10,255,255,55,56,0,0,1801.654451,58.852699,35.278847,47.924109,0.101336,0.042511,0.058825,0,1,0,0,0,2,2,2,2,2,1,2
46492,179,0.715184,774,556,254,252,4,3,14,10,255,255,55,56,0,0,2666.002581,96.840625,52.032306,74.985445,0.085384,0.040303,0.045081,0,1,0,0,0,2,2,2,2,2,1,2
45286,179,1.079089,602,642,254,252,4,3,10,12,255,255,60,54,0,0,6259.69124,120.379492,102.912667,92.012453,0.123863,0.06694,0.056923,0,1,0,0,0,5,3,1,1,1,1,1
54487,445,32.022003,1442,1522,254,252,7,4,18,18,255,255,80,85,0,0,240198.8965,237306.8633,1883.603706,1880.879529,0.092666,0.047044,0.045622,0,1,0,0,0,3,3,1,1,1,1,1
54487,445,32.022003,1442,1522,254,252,7,4,18,18,255,255,80,85,0,0,240198.8965,237306.8633,1883.603706,1880.879529,0.092666,0.047044,0.045622,0,1,0,0,0,3,3,1,1,1,1,1
14671,179,0.923768,774,556,254,252,4,3,14,10,255,255,55,56,0,0,3513.468928,127.71668,68.817849,88.943781,0.191612,0.123273,0.068339,0,1,0,0,0,5,3,1,2,1,1,1
50340,445,0.418576,994,732,254,252,3,2,12,8,255,255,83,92,0,0,1807.678267,60.948297,35.981453,50.535285,0.097517,0.064822,0.032695,0,1,0,0,0,3,3,1,1,1,1,1
46371,179,1.059719,774,556,254,252,4,3,14,10,255,255,55,56,0,0,4501.466984,146.247516,81.449079,110.188336,0.111264,0.068013,0.043251,0,1,0,0,0,5,3,1,1,1,1,1
60970,445,0.859313,994,744,254,252,3,2,12,8,255,255,83,93,0,0,3928.374106,159.883766,72.115276,107.456711,0.19589,0.107105,0.088785,0,1,0,0,0,3,3,1,1,1,1,1
26854,179,0.984336,774,642,254,252,4,3,14,12,255,255,55,54,0,0,4336.245643,158.085234,75.657075,83.974633,0.163003,0.06061,0.102393,0,1,0,0,0,4,2,1,2,1,1,1
64461,445,1.032345,994,838,254,252,3,2,12,10,255,255,83,84,0,0,4853.835764,183.407422,93.793185,110.131891,0.127004,0.041155,0.085849,0,1,0,0,0,5,4,1,1,1,1,1
46234,179,0.846432,774,556,254,252,4,3,14,10,255,255,55,56,0,0,3403.49071,112.697625,60.261615,89.694219,0.113136,0.039179,0.073957,0,1,0,0,0,4,2,1,2,1,1,1
60358,445,0.655904,994,762,254,252,3,2,12,8,255,255,83,95,0,0,3293.488823,129.289539,59.544456,86.56057,0.071601,0.049977,0.021624,0,1,0,0,0,5,4,1,1,1,1,1
60177,445,0.769163,994,734,254,252,3,2,12,8,255,255,83,92,0,0,3687.993921,154.897812,67.551638,94.646289,0.214636,0.106627,0.108009,0,1,0,0,0,5,4,2,2,1,1,2
65141,445,0.478254,908,736,254,252,3,2,10,8,255,255,91,92,0,0,2523.483949,96.517547,49.056667,62.953715,0.095395,0.037575,0.05782,0,1,0,0,0,6,6,1,1,1,1,1
53869,445,0.446496,994,730,254,252,3,2,12,8,255,255,83,91,0,0,2132.295366,93.548586,40.530819,60.37157,0.076269,0.023889,0.05238,0,1,0,0,0,6,6,1,1,1,1,1
54388,445,0.41745,994,746,254,252,3,2,12,8,255,255,83,93,0,0,1919.880526,80.115062,36.43891,52.79057,0.074678,0.047911,0.026767,0,1,0,0,0,6,6,2,2,2,1,2
58851,445,0.58916,994,822,254,252,3,2,12,10,255,255,83,82,0,0,3562.853406,98.862359,51.109092,61.664555,0.075741,0.034167,0.041574,0,1,0,0,0,6,6,2,2,2,1,2
64373,445,0.43921,994,700,254,252,3,2,12,8,255,255,83,88,0,0,1849.105325,75.659617,36.507999,59.041715,0.083504,0.025912,0.057592,0,1,0,0,0,6,6,2,2,2,1,2
62588,445,0.507678,994,750,254,252,3,2,12,8,255,255,83,94,0,0,2345.320449,96.485461,43.308547,67.68157,0.068511,0.033899,0.034612,0,1,0,0,0,6,6,2,2,2,1,2
59943,445,0.494832,994,718,254,252,3,2,12,8,255,255,83,90,0,0,2162.785257,72.686195,40.412001,60.009855,0.137746,0.074757,0.062989,0,1,0,0,0,8,6,2,2,2,1,2
60574,445,0.39322,994,720,254,252,3,2,12,8,255,255,83,90,0,0,1767.489005,68.060031,35.747273,52.369715,0.058924,0.025944,0.03298,0,1,0,0,0,8,6,2,2,2,1,2
54823,445,0.514171,994,740,254,252,3,2,12,8,255,255,83,93,0,0,2486.987993,85.578023,43.543818,63.603715,0.091409,0.068933,0.022476,0,1,0,0,0,8,6,1,2,1,1,1
48658,445,0.521744,994,718,254,252,3,2,12,8,255,255,83,90,0,0,2461.486875,100.103367,47.34718,69.36043,0.063428,0.036216,0.027212,0,1,0,0,0,8,6,1,1,1,1,1
64109,445,0.640114,994,820,254,252,3,2,12,10,255,255,83,82,0,0,3887.9132,98.069797,56.998181,61.699223,0.140645,0.084813,0.055832,0,1,0,0,0,8,6,2,3,2,1,2
44824,445,0.559064,994,768,254,252,3,2,12,8,255,255,83,96,0,0,2620.565978,89.863258,48.787183,67.48743,0.132029,0.086649,0.04538,0,1,0,0,0,8,6,2,3,2,1,2
54371,445,0.404861,994,720,254,252,3,2,12,8,255,255,83,90,0,0,1857.186017,56.690477,35.430183,46.932855,0.106812,0.076322,0.03049,0,1,0,0,0,5,5,1,1,1,1,1
49443,445,0.523551,994,746,254,252,3,2,12,8,255,255,83,93,0,0,2401.065499,100.68582,45.056454,68.784,0.128244,0.042059,0.086185,0,1,0,0,0,5,5,2,2,2,1,2
50863,445,0.405113,994,708,254,252,3,2,12,8,255,255,83,89,0,0,1727.842057,61.197742,35.254272,50.673715,0.074571,0.050392,0.024179,0,1,0,0,0,5,5,2,2,2,1,2
60547,445,0.672732,994,836,254,252,3,2,12,10,255,255,83,84,0,0,3794.438474,106.112289,61.084634,68.454219,0.106458,0.056636,0.049822,0,1,0,0,0,5,5,1,1,1,1,1
55047,445,0.481015,908,558,254,252,3,2,10,4,255,255,91,140,0,0,2671.696637,85.792086,53.446111,60.668668,0.138225,0.090953,0.047272,0,4,0,0,0,4,4,1,1,1,1,1
61186,445,0.399196,994,722,254,252,3,2,12,8,255,255,83,90,0,0,1809.007315,61.913277,34.708271,49.14143,0.084005,0.055199,0.028806,0,1,0,0,0,5,5,1,1,1,1,1
58458,179,0.283271,596,268,254,252,2,1,10,6,255,255,60,45,0,0,1586.559089,72.243508,31.448222,44.304,0.092457,0.061747,0.03071,0,1,0,0,0,5,4,1,1,1,1,1
59321,179,0.222816,580,268,254,252,1,1,8,6,255,255,73,45,0,0,32.384209,67.067641,24.762572,44.563199,0,0,0,0,1,0,0,0,5,4,2,2,2,1,2
58717,179,0.372017,608,268,254,252,2,1,10,6,255,255,61,45,0,0,2099.675045,91.520453,41.229778,57.744398,0.135593,0.08329,0.052303,0,1,0,0,0,5,4,2,2,2,1,2
58992,179,0.367119,606,268,254,252,2,1,10,6,255,255,61,45,0,0,2021.745898,96.878445,40.791,63.435,0.09992,0.049306,0.050614,0,1,0,0,0,5,4,1,2,1,1,1
36015,179,0.346613,544,268,254,252,2,1,10,6,255,255,54,45,0,0,1891.410699,86.931906,38.512556,59.390602,0.118517,0.048932,0.069585,0,1,0,0,0,7,6,1,1,1,1,1
62091,179,0.442939,624,268,254,252,2,1,10,6,255,255,62,45,0,0,2466.772574,93.926359,49.129,65.850398,0.162489,0.113682,0.048807,0,1,0,0,0,7,6,2,3,2,1,2
58468,179,0.435346,648,268,254,252,2,1,10,6,255,255,65,45,0,0,2373.155308,115.364008,48.370444,73.473602,0.137329,0.067971,0.069358,0,1,0,0,0,7,6,2,3,2,1,2
58935,179,0.438725,616,268,254,252,2,1,10,6,255,255,62,45,0,0,2492.909652,87.167359,48.747222,60.134398,0.181252,0.137304,0.043948,0,1,0,0,0,7,6,1,1,1,1,1
58470,179,0.296575,632,268,254,252,2,1,10,6,255,255,63,45,0,0,1561.52242,72.136391,31.320111,51.043602,0.097009,0.041345,0.055664,0,1,0,0,0,7,6,2,2,2,1,2
59464,179,0.533208,572,354,254,252,2,1,10,8,255,255,57,44,0,0,3781.796896,118.255953,59.245333,65.368715,0.097641,0.046965,0.050676,0,1,0,0,0,7,6,2,2,2,1,2
58486,179,0.569598,576,354,254,252,2,1,8,8,255,255,72,44,0,0,5120.175674,124.339805,81.371145,75.365859,0.128776,0.041297,0.087479,0,1,0,0,0,6,6,2,2,2,1,2
58461,179,0.467104,550,268,254,252,1,1,8,6,255,255,69,45,0,0,93.647555,158.486766,56.992285,93.258602,0,0,0,0,1,0,0,0,6,6,2,2,2,1,2
51665,179,0.397924,546,268,254,252,2,1,10,6,255,255,55,45,0,0,2184.791822,100.684453,44.213778,66.608203,0.125831,0.064084,0.061747,0,1,0,0,0,6,6,2,2,2,1,2
65192,179,0.525489,540,354,254,252,2,1,10,8,255,255,54,44,0,0,3802.12825,116.738812,55.272111,65.864859,0.124678,0.064423,0.060255,0,1,0,0,0,6,6,2,2,2,1,2
59424,179,0.554512,602,354,254,252,2,1,10,8,255,255,60,44,0,0,3886.44717,117.165312,61.612444,69.96757,0.12844,0.063951,0.064489,0,1,0,0,0,6,6,2,2,2,1,2
59879,179,0.538399,568,354,254,252,2,1,10,8,255,255,57,44,0,0,3702.760497,121.121125,59.822111,71.07143,0.111491,0.040131,0.07136,0,1,0,0,0,6,6,2,2,2,1,2
58618,179,0.610123,610,354,254,252,2,1,10,8,255,255,61,44,0,0,4418.856363,118.89307,67.791444,77.76343,0.132524,0.064984,0.06754,0,1,0,0,0,6,6,1,1,1,1,1
58483,179,0.404555,554,268,254,252,2,1,10,6,255,255,55,45,0,0,2216.256311,110.051703,44.950556,63.702,0.127053,0.061619,0.065434,0,1,0,0,0,6,6,1,1,1,1,1
54487,445,0.558985,994,738,254,252,4,2,12,8,255,255,83,92,0,0,277826.5546,10065.494,2582.788166,3873.9985,0.092666,0.047044,0.045622,0,1,0,0,0,2,2,1,1,1,1,1
54487,445,0.558985,994,738,254,252,4,2,12,8,255,255,83,92,0,0,277826.5546,10065.494,2582.788166,3873.9985,0.092666,0.047044,0.045622,0,1,0,0,0,2,2,1,1,1,1,1
63575,179,0.552746,686,354,254,252,2,1,10,8,255,255,69,44,0,0,3836.694266,122.230883,61.416222,65.166285,0.127163,0.066,0.061163,0,1,0,0,0,6,6,2,2,2,1,2
65226,179,0.547553,664,354,254,252,2,1,10,8,255,255,66,44,0,0,3871.507796,127.736781,60.839222,68.66643,0.109846,0.039569,0.070277,0,1,0,0,0,6,6,2,2,2,1,2
39294,179,0.53154,462,268,254,252,2,1,8,6,255,255,58,45,0,0,4612.015191,137.899328,75.906429,91.326,0.134222,0.074898,0.059324,0,1,0,0,0,6,6,2,2,2,1,2
58962,179,0.300921,674,268,254,252,2,1,10,6,255,255,67,45,0,0,1646.393017,82.078203,33.435667,47.110801,0.099516,0.037684,0.061832,0,1,0,0,0,6,6,2,2,2,1,2
54470,445,32.447758,1988,1644,254,252,11,6,24,20,255,255,83,82,0,0,202462.4604,6850.598,1410.772001,1699.648125,0.222542,0.125145,0.097397,0,1,0,0,0,2,2,1,1,1,1,1
58474,179,31.373333,1100,450,254,252,4,1,18,10,255,255,61,45,0,0,234516.8859,9590.79,1845.490295,3469.669,0.186876,0.118423,0.068453,0,1,0,0,0,5,5,1,1,1,1,1
58474,179,31.373333,1100,450,254,252,4,1,18,10,255,255,61,45,0,0,234516.8859,9590.79,1845.490295,3469.669,0.186876,0.118423,0.068453,0,1,0,0,0,5,5,1,1,1,1,1
59029,179,0.458621,670,354,254,252,2,1,10,8,255,255,67,44,0,0,3336.888997,111.343953,50.957889,54.183285,0.119226,0.065607,0.053619,0,1,0,0,0,5,5,2,2,2,1,2
21372,179,0.468223,664,354,254,252,2,1,10,8,255,255,66,44,0,0,3402.222951,110.314898,52.024778,55.62057,0.117313,0.062159,0.055154,0,1,0,0,0,5,5,2,2,2,1,2
58682,179,0.472845,620,354,254,252,2,1,10,8,255,255,62,44,0,0,3293.57851,114.855656,52.538333,61.53943,0.09424,0.041291,0.052949,0,1,0,0,0,5,5,2,2,2,1,2
58438,179,0.462914,628,354,254,252,2,1,10,8,255,255,63,44,0,0,3380.503065,110.426336,51.434889,55.006855,0.109288,0.056332,0.052956,0,1,0,0,0,5,5,2,2,2,1,2
58900,179,0.350456,562,268,254,252,2,1,10,6,255,255,56,45,0,0,2013.97785,87.587898,38.939556,56.295,0.126547,0.068234,0.058313,0,1,0,0,0,7,7,1,1,1,1,1
58500,179,32.105835,1244,622,254,252,4,1,20,14,255,255,62,44,0,0,227420.7912,8356.3075,1689.780579,2464.99025,0.113236,0.048076,0.06516,0,1,0,0,0,7,7,2,2,2,1,2
58500,179,32.105835,1244,622,254,252,4,1,20,14,255,255,62,44,0,0,227420.7912,8356.3075,1689.780579,2464.99025,0.113236,0.048076,0.06516,0,1,0,0,0,7,7,2,2,2,1,2
60598,179,0.306898,586,268,254,252,2,1,10,6,255,255,59,45,0,0,1864.268658,86.608703,34.099778,46.179199,0.114645,0.063331,0.051314,0,1,0,0,0,7,7,2,2,2,1,2
65283,179,0.483373,268,354,254,252,1,1,6,8,255,255,45,44,0,0,6103.360277,111.009625,96.6746,60.269,0.060937,0.060937,0,0,1,0,0,0,7,7,1,1,1,1,1
58517,179,0.450049,568,354,254,252,2,1,10,8,255,255,57,44,0,0,3253.752079,111.68543,50.005444,54.265285,0.105681,0.056678,0.049003,0,1,0,0,0,7,7,1,1,1,1,1
46842,179,0.12827,192,96,254,252,1,1,4,2,255,255,48,48,0,0,2341.087023,0,42.756667,0.011,0.128237,0.058403,0.069834,0,4,0,0,0,6,6,1,1,1,1,1
63948,179,0.441082,566,268,254,252,2,1,8,6,255,255,71,45,0,0,3709.299197,122.012633,60.025569,75.286797,0.114132,0.064638,0.049494,0,1,0,0,0,7,7,2,2,2,1,2
59838,179,0.359201,600,268,254,252,2,1,10,6,255,255,60,45,0,0,2048.449685,90.690484,39.911222,59.495602,0.117485,0.06097,0.056515,0,1,0,0,0,7,7,2,2,2,1,2
59354,179,0.394356,172,354,254,252,0,1,4,8,255,255,43,44,0,0,13.52271,112.190227,9.57,54.336855,0,0,0,0,1,0,0,0,6,6,1,1,1,1,1
58459,179,0.491967,364,354,254,252,1,1,8,8,255,255,46,44,0,0,4219.677774,110.463813,66.824283,62.131,0.105411,0.057029,0.048382,0,1,0,0,0,6,6,1,1,1,1,1
59454,179,0.470621,700,354,254,252,2,1,10,8,255,255,70,44,0,0,3478.642912,114.141547,50.544,58.91743,0.109998,0.058195,0.051803,0,1,0,0,0,6,6,2,2,2,1,2
62678,179,0.467707,652,354,254,252,2,1,10,8,255,255,65,44,0,0,3418.766458,120.46325,51.967444,56.49343,0.120203,0.057389,0.062814,0,1,0,0,0,6,6,2,2,2,1,2
65225,179,0.445744,648,354,254,252,2,1,10,8,255,255,65,44,0,0,3270.46697,108.706453,49.527111,53.139,0.111049,0.060108,0.050941,0,1,0,0,0,9,9,2,2,2,1,2
58478,179,0.467061,542,354,254,252,2,1,10,8,255,255,54,44,0,0,3432.79688,110.581039,51.895667,55.819,0.115614,0.059899,0.055715,0,1,0,0,0,9,9,2,2,2,1,2
58938,179,0.357916,466,182,254,252,2,1,6,4,255,255,78,46,0,0,2435.883431,138.378672,48.6944,97.854,0.116945,0.064343,0.052602,0,4,0,0,0,6,6,1,1,1,1,1
59118,179,0.376045,278,96,254,252,1,1,4,2,255,255,70,48,0,0,143.107812,0,101.196,0.004,0,0,0,0,1,0,0,0,9,9,2,2,2,1,2
36459,179,0.496857,666,172,254,252,1,0,10,4,255,255,67,43,0,0,3399.030432,32.9005,55.206333,23.268666,0,0,0,0,1,0,0,0,9,9,2,2,2,1,2
58522,179,46.815586,916,622,254,252,2,1,18,14,255,255,51,44,0,0,351755.9147,12202.005,2753.858062,3596.39425,0.135416,0.061716,0.0737,0,1,0,0,0,10,10,1,1,1,1,1
58463,179,31.46102,924,708,254,252,2,1,16,16,255,255,58,44,0,0,249824.2549,7606.752,2097.401667,2092.153875,0.111803,0.060145,0.051658,0,1,0,0,0,6,6,2,2,2,1,2
58460,179,57.995934,1362,536,254,252,6,1,20,12,255,255,68,45,0,0,414392.372,16429.892,3052.417579,5263.194,0.144543,0.082349,0.062194,0,1,0,0,0,6,6,2,2,2,1,2
58967,179,32.361782,1128,622,254,252,6,1,18,14,255,255,63,44,0,0,241558.4676,8392.374,1903.63406,2483.18225,0.062474,0.062474,0,0,1,0,0,0,6,6,2,2,2,1,2
58485,179,0.476639,470,354,254,252,1,1,8,8,255,255,59,44,0,0,108.230812,110.224789,60.043285,66.460289,0,0,0,0,1,0,0,0,8,8,2,2,2,1,2
58935,179,0.343431,550,268,254,252,2,0,10,6,255,255,55,45,0,0,740291.6946,27602.028,7437.6098,12393.265,0.181252,0.137304,0.043948,0,1,0,0,0,5,5,3,3,3,1,3
47439,53,0.000001,114,0,254,0,0,0,2,0,0,0,57,0,0,0,0,0,0.001,0,0,0,0,0,2,0,0,0,8,8,1,1,1,1,1
47439,53,0.000001,114,0,254,0,0,0,2,0,0,0,57,0,0,0,0,0,0.001,0,0,0,0,0,2,0,0,0,6,6,3,3,3,3,3
47439,53,0.000001,114,0,254,0,0,0,2,0,0,0,57,0,0,0,0,0,0.001,0,0,0,0,0,2,0,0,0,6,6,3,3,3,3,3
47439,53,0.000001,114,0,254,0,0,0,2,0,0,0,57,0,0,0,0,0,0.001,0,0,0,0,0,2,0,0,0,6,6,3,3,3,3,3
1043,53,0.000011,114,0,254,0,0,0,2,0,0,0,57,0,0,0,0,0,0.011,0,0,0,0,0,2,0,0,0,6,6,3,3,3,3,3
1043,53,0.000011,114,0,254,0,0,0,2,0,0,0,57,0,0,0,0,0,0.011,0,0,0,0,0,2,0,0,0,6,6,3,3,3,3,3
1043,53,0.000011,114,0,254,0,0,0,2,0,0,0,57,0,0,0,0,0,0.011,0,0,0,0,0,2,0,0,0,6,6,3,3,3,3,3
47439,53,0.000007,114,0,254,0,0,0,2,0,0,0,57,0,0,0,0,0,0.007,0,0,0,0,0,2,0,0,0,7,7,4,4,4,4,4
47439,53,0.000007,114,0,254,0,0,0,2,0,0,0,57,0,0,0,0,0,0.007,0,0,0,0,0,2,0,0,0,7,7,4,4,4,4,4
47439,53,0.000007,114,0,254,0,0,0,2,0,0,0,57,0,0,0,0,0,0.007,0,0,0,0,0,2,0,0,0,7,7,4,4,4,4,4
47439,53,0.000007,114,0,254,0,0,0,2,0,0,0,57,0,0,0,0,0,0.007,0,0,0,0,0,2,0,0,0,7,7,4,4,4,4,4
1043,53,0.000011,114,0,254,0,0,0,2,0,0,0,57,0,0,0,0,0,0.011,0,0,0,0,0,2,0,0,0,7,7,3,3,3,3,3
1043,53,0.000011,114,0,254,0,0,0,2,0,0,0,57,0,0,0,0,0,0.011,0,0,0,0,0,2,0,0,0,7,7,3,3,3,3,3
1043,53,0.000011,114,0,254,0,0,0,2,0,0,0,57,0,0,0,0,0,0.011,0,0,0,0,0,2,0,0,0,7,7,3,3,3,3,3
1043,53,0.000007,114,0,254,0,0,0,2,0,0,0,57,0,0,0,0,0,0.007,0,0,0,0,0,2,0,0,0,14,14,7,7,7,3,7
1043,53,0.000007,114,0,254,0,0,0,2,0,0,0,57,0,0,0,0,0,0.007,0,0,0,0,0,2,0,0,0,14,14,7,7,7,3,7
47439,53,0.000011,114,0,254,0,0,0,2,0,0,0,57,0,0,0,0,0,0.011,0,0,0,0,0,2,0,0,0,14,14,7,7,7,4,7
47439,53,0.000011,114,0,254,0,0,0,2,0,0,0,57,0,0,0,0,0,0.011,0,0,0,0,0,2,0,0,0,14,14,7,7,7,4,7
47439,53,0.000011,114,0,254,0,0,0,2,0,0,0,57,0,0,0,0,0,0.011,0,0,0,0,0,2,0,0,0,14,14,7,7,7,4,7
47439,53,0.000011,114,0,254,0,0,0,2,0,0,0,57,0,0,0,0,0,0.011,0,0,0,0,0,2,0,0,0,14,14,7,7,7,4,7
1043,53,0.000007,114,0,254,0,0,0,2,0,0,0,57,0,0,0,0,0,0.007,0,0,0,0,0,2,0,0,0,14,14,7,7,7,3,7
47439,53,0.000004,114,0,254,0,0,0,2,0,0,0,57,0,0,0,0,0,0.004,0,0,0,0,0,2,0,0,0,14,14,4,4,4,4,4
47439,53,0.000004,114,0,254,0,0,0,2,0,0,0,57,0,0,0,0,0,0.004,0,0,0,0,0,2,0,0,0,14,14,4,4,4,4,4
47439,53,0.000004,114,0,254,0,0,0,2,0,0,0,57,0,0,0,0,0,0.004,0,0,0,0,0,2,0,0,0,14,14,4,4,4,4,4
47439,53,0.000004,114,0,254,0,0,0,2,0,0,0,57,0,0,0,0,0,0.004,0,0,0,0,0,2,0,0,0,14,14,4,4,4,4,4
1043,53,0.000003,114,0,254,0,0,0,2,0,0,0,57,0,0,0,0,0,0.003,0,0,0,0,0,2,0,0,0,14,14,3,3,3,3,3
1043,53,0.000003,114,0,254,0,0,0,2,0,0,0,57,0,0,0,0,0,0.003,0,0,0,0,0,2,0,0,0,14,14,3,3,3,3,3
1043,53,0.000003,114,0,254,0,0,0,2,0,0,0,57,0,0,0,0,0,0.003,0,0,0,0,0,2,0,0,0,14,14,3,3,3,3,3
47439,53,0.000007,114,0,254,0,0,0,2,0,0,0,57,0,0,0,0,0,0.007,0,0,0,0,0,2,0,0,0,7,7,4,5,4,4,4
47439,53,0.000007,114,0,254,0,0,0,2,0,0,0,57,0,0,0,0,0,0.007,0,0,0,0,0,2,0,0,0,7,7,4,5,4,4,4
47439,53,0.000007,114,0,254,0,0,0,2,0,0,0,57,0,0,0,0,0,0.007,0,0,0,0,0,2,0,0,0,7,7,4,5,4,4,4
47439,53,0.000007,114,0,254,0,0,0,2,0,0,0,57,0,0,0,0,0,0.007,0,0,0,0,0,2,0,0,0,7,7,4,5,4,4,4
1043,53,0.000007,114,0,254,0,0,0,2,0,0,0,57,0,0,0,0,0,0.007,0,0,0,0,0,2,0,0,0,7,7,3,4,3,3,3
1043,53,0.000007,114,0,254,0,0,0,2,0,0,0,57,0,0,0,0,0,0.007,0,0,0,0,0,2,0,0,0,7,7,3,4,3,3,3
1043,53,0.000007,114,0,254,0,0,0,2,0,0,0,57,0,0,0,0,0,0.007,0,0,0,0,0,2,0,0,0,7,7,3,4,3,3,3
25035,80,0.185268,1068,268,254,252,2,1,10,6,255,255,107,45,0,0,992.944172,48.686715,18.431333,33.054199,0.037629,0.01999,0.017639,0,1,0,0,0,2,1,1,1,1,1,1
47439,53,0.000002,114,0,254,0,0,0,2,0,0,0,57,0,0,0,0,0,0.002,0,0,0,0,0,2,0,0,0,7,7,4,6,4,4,4
47439,53,0.000002,114,0,254,0,0,0,2,0,0,0,57,0,0,0,0,0,0.002,0,0,0,0,0,2,0,0,0,7,7,4,6,4,4,4
47439,53,0.000002,114,0,254,0,0,0,2,0,0,0,57,0,0,0,0,0,0.002,0,0,0,0,0,2,0,0,0,7,7,4,6,4,4,4
47439,53,0.000002,114,0,254,0,0,0,2,0,0,0,57,0,0,0,0,0,0.002,0,0,0,0,0,2,0,0,0,7,7,4,6,4,4,4
1043,53,0.000011,114,0,254,0,0,0,2,0,0,0,57,0,0,0,0,0,0.011,0,0,0,0,0,2,0,0,0,7,7,3,4,3,3,3
1043,53,0.000011,114,0,254,0,0,0,2,0,0,0,57,0,0,0,0,0,0.011,0,0,0,0,0,2,0,0,0,7,7,3,4,3,3,3
1043,53,0.000011,114,0,254,0,0,0,2,0,0,0,57,0,0,0,0,0,0.011,0,0,0,0,0,2,0,0,0,7,7,3,4,3,3,3
47439,53,0.000011,114,0,254,0,0,0,2,0,0,0,57,0,0,0,0,0,0.011,0,0,0,0,0,2,0,0,0,7,7,7,9,7,4,7
47439,53,0.000011,114,0,254,0,0,0,2,0,0,0,57,0,0,0,0,0,0.011,0,0,0,0,0,2,0,0,0,7,7,7,9,7,4,7
47439,53,0.000011,114,0,254,0,0,0,2,0,0,0,57,0,0,0,0,0,0.011,0,0,0,0,0,2,0,0,0,7,7,7,9,7,4,7
47439,53,0.000011,114,0,254,0,0,0,2,0,0,0,57,0,0,0,0,0,0.011,0,0,0,0,0,2,0,0,0,7,7,7,9,7,4,7
1043,53,0.000011,114,0,254,0,0,0,2,0,0,0,57,0,0,0,0,0,0.011,0,0,0,0,0,2,0,0,0,7,7,7,9,7,3,7
1043,53,0.000011,114,0,254,0,0,0,2,0,0,0,57,0,0,0,0,0,0.011,0,0,0,0,0,2,0,0,0,7,7,7,9,7,3,7
1043,53,0.000011,114,0,254,0,0,0,2,0,0,0,57,0,0,0,0,0,0.011,0,0,0,0,0,2,0,0,0,7,7,7,9,7,3,7
47439,53,0.000011,114,0,254,0,0,0,2,0,0,0,57,0,0,0,0,0,0.011,0,0,0,0,0,2,0,0,0,6,6,4,4,4,4,4
47439,53,0.000011,114,0,254,0,0,0,2,0,0,0,57,0,0,0,0,0,0.011,0,0,0,0,0,2,0,0,0,6,6,4,4,4,4,4
47439,53,0.000011,114,0,254,0,0,0,2,0,0,0,57,0,0,0,0,0,0.011,0,0,0,0,0,2,0,0,0,6,6,4,4,4,4,4
47439,53,0.000011,114,0,254,0,0,0,2,0,0,0,57,0,0,0,0,0,0.011,0,0,0,0,0,2,0,0,0,6,6,4,4,4,4,4
1043,53,0.00001,114,0,254,0,0,0,2,0,0,0,57,0,0,0,0,0,0.01,0,0,0,0,0,2,0,0,0,6,6,2,3,2,2,2
1043,53,0.00001,114,0,254,0,0,0,2,0,0,0,57,0,0,0,0,0,0.01,0,0,0,0,0,2,0,0,0,6,6,2,3,2,2,2
1043,53,0.00001,114,0,254,0,0,0,2,0,0,0,57,0,0,0,0,0,0.01,0,0,0,0,0,2,0,0,0,2,2,1,2,1,1,1
62545,25,18.090841,3590241,18640,254,252,1335,8,2676,414,255,255,1342,45,0,0,819.897204,51.585902,6.762931,43.707117,0.049788,0.011076,0.038712,0,1,0,0,0,7,4,2,2,2,1,2
47439,53,0.000011,114,0,254,0,0,0,2,0,0,0,57,0,0,0,0,0,0.011,0,0,0,0,0,2,0,0,0,2,2,1,2,1,1,1
47439,53,0.000011,114,0,254,0,0,0,2,0,0,0,57,0,0,0,0,0,0.011,0,0,0,0,0,2,0,0,0,6,6,3,3,3,3,3
47439,53,0.000011,114,0,254,0,0,0,2,0,0,0,57,0,0,0,0,0,0.011,0,0,0,0,0,2,0,0,0,6,6,3,3,3,3,3
47439,53,0.000011,114,0,254,0,0,0,2,0,0,0,57,0,0,0,0,0,0.011,0,0,0,0,0,2,0,0,0,6,6,3,3,3,3,3
34687,80,0.45182,1226,1764,62,252,2,2,10,8,255,255,123,221,0,0,2680.008295,104.248,50.202222,55.989715,0.098357,0.059298,0.039059,0,1,0,0,0,2,2,1,1,1,1,1
1043,53,0.00001,114,0,254,0,0,0,2,0,0,0,57,0,0,0,0,0,0.01,0,0,0,0,0,2,0,0,0,6,6,3,4,3,3,3
1043,53,0.00001,114,0,254,0,0,0,2,0,0,0,57,0,0,0,0,0,0.01,0,0,0,0,0,2,0,0,0,6,6,3,4,3,3,3
1043,53,0.00001,114,0,254,0,0,0,2,0,0,0,57,0,0,0,0,0,0.01,0,0,0,0,0,2,0,0,0,6,6,3,4,3,3,3
47439,53,0.00001,114,0,254,0,0,0,2,0,0,0,57,0,0,0,0,0,0.01,0,0,0,0,0,2,0,0,0,7,7,5,4,4,4,4
47439,53,0.00001,114,0,254,0,0,0,2,0,0,0,57,0,0,0,0,0,0.01,0,0,0,0,0,2,0,0,0,7,7,5,4,4,4,4
47439,53,0.00001,114,0,254,0,0,0,2,0,0,0,57,0,0,0,0,0,0.01,0,0,0,0,0,2,0,0,0,7,7,5,4,4,4,4
47439,53,0.00001,114,0,254,0,0,0,2,0,0,0,57,0,0,0,0,0,0.01,0,0,0,0,0,2,0,0,0,7,7,5,4,4,4,4
1043,53,0.00001,114,0,254,0,0,0,2,0,0,0,57,0,0,0,0,0,0.01,0,0,0,0,0,2,0,0,0,7,7,3,4,3,3,3
1043,53,0.00001,114,0,254,0,0,0,2,0,0,0,57,0,0,0,0,0,0.01,0,0,0,0,0,2,0,0,0,7,7,3,4,3,3,3
1043,53,0.00001,114,0,254,0,0,0,2,0,0,0,57,0,0,0,0,0,0.01,0,0,0,0,0,2,0,0,0,7,7,3,4,3,3,3
47439,53,0.00001,114,0,254,0,0,0,2,0,0,0,57,0,0,0,0,0,0.01,0,0,0,0,0,2,0,0,0,7,7,4,4,4,4,4
47439,53,0.00001,114,0,254,0,0,0,2,0,0,0,57,0,0,0,0,0,0.01,0,0,0,0,0,2,0,0,0,7,7,4,4,4,4,4
47439,53,0.00001,114,0,254,0,0,0,2,0,0,0,57,0,0,0,0,0,0.01,0,0,0,0,0,2,0,0,0,7,7,4,4,4,4,4
47439,53,0.00001,114,0,254,0,0,0,2,0,0,0,57,0,0,0,0,0,0.01,0,0,0,0,0,2,0,0,0,7,7,4,4,4,4,4
1043,53,0.000011,114,0,254,0,0,0,2,0,0,0,57,0,0,0,0,0,0.011,0,0,0,0,0,2,0,0,0,7,7,3,4,3,3,3
1043,53,0.000011,114,0,254,0,0,0,2,0,0,0,57,0,0,0,0,0,0.011,0,0,0,0,0,2,0,0,0,7,7,3,4,3,3,3
1043,53,0.000011,114,0,254,0,0,0,2,0,0,0,57,0,0,0,0,0,0.011,0,0,0,0,0,2,0,0,0,7,7,3,4,3,3,3
47439,53,0.000011,114,0,254,0,0,0,2,0,0,0,57,0,0,0,0,0,0.011,0,0,0,0,0,2,0,0,0,7,7,4,5,4,4,4
47439,53,0.000011,114,0,254,0,0,0,2,0,0,0,57,0,0,0,0,0,0.011,0,0,0,0,0,2,0,0,0,7,7,4,5,4,4,4
47439,53,0.000011,114,0,254,0,0,0,2,0,0,0,57,0,0,0,0,0,0.011,0,0,0,0,0,2,0,0,0,7,7,4,5,4,4,4
47439,53,0.000011,114,0,254,0,0,0,2,0,0,0,57,0,0,0,0,0,0.011,0,0,0,0,0,2,0,0,0,7,7,4,5,4,4,4
1043,53,0.000011,114,0,254,0,0,0,2,0,0,0,57,0,0,0,0,0,0.011,0,0,0,0,0,2,0,0,0,7,7,3,4,3,3,3
1043,53,0.000011,114,0,254,0,0,0,2,0,0,0,57,0,0,0,0,0,0.011,0,0,0,0,0,2,0,0,0,7,7,3,4,3,3,3
1043,53,0.000011,114,0,254,0,0,0,2,0,0,0,57,0,0,0,0,0,0.011,0,0,0,0,0,2,0,0,0,7,7,3,4,3,3,3
47439,53,0.000011,114,0,254,0,0,0,2,0,0,0,57,0,0,0,0,0,0.011,0,0,0,0,0,2,0,0,0,7,7,4,5,4,4,4
47439,53,0.000011,114,0,254,0,0,0,2,0,0,0,57,0,0,0,0,0,0.011,0,0,0,0,0,2,0,0,0,7,7,4,5,4,4,4
47439,53,0.000011,114,0,254,0,0,0,2,0,0,0,57,0,0,0,0,0,0.011,0,0,0,0,0,2,0,0,0,7,7,4,5,4,4,4
47439,53,0.000011,114,0,254,0,0,0,2,0,0,0,57,0,0,0,0,0,0.011,0,0,0,0,0,2,0,0,0,7,7,4,5,4,4,4
1043,53,0.000005,114,0,254,0,0,0,2,0,0,0,57,0,0,0,0,0,0.005,0,0,0,0,0,2,0,0,0,7,7,3,6,3,3,3
1043,53,0.000005,114,0,254,0,0,0,2,0,0,0,57,0,0,0,0,0,0.005,0,0,0,0,0,2,0,0,0,7,7,3,6,3,3,3
1043,53,0.000005,114,0,254,0,0,0,2,0,0,0,57,0,0,0,0,0,0.005,0,0,0,0,0,2,0,0,0,7,7,3,6,3,3,3
47439,53,0.000004,114,0,254,0,0,0,2,0,0,0,57,0,0,0,0,0,0.004,0,0,0,0,0,2,0,0,0,4,4,4,5,4,4,4
47439,53,0.000004,114,0,254,0,0,0,2,0,0,0,57,0,0,0,0,0,0.004,0,0,0,0,0,2,0,0,0,4,4,4,5,4,4,4
47439,53,0.000004,114,0,254,0,0,0,2,0,0,0,57,0,0,0,0,0,0.004,0,0,0,0,0,2,0,0,0,4,4,4,5,4,4,4
47439,53,0.000004,114,0,254,0,0,0,2,0,0,0,57,0,0,0,0,0,0.004,0,0,0,0,0,2,0,0,0,4,4,4,5,4,4,4
1043,53,0.000011,114,0,254,0,0,0,2,0,0,0,57,0,0,0,0,0,0.011,0,0,0,0,0,2,0,0,0,4,4,3,4,3,3,3
1043,53,0.000011,114,0,254,0,0,0,2,0,0,0,57,0,0,0,0,0,0.011,0,0,0,0,0,2,0,0,0,4,4,3,4,3,3,3
1043,53,0.000011,114,0,254,0,0,0,2,0,0,0,57,0,0,0,0,0,0.011,0,0,0,0,0,2,0,0,0,4,4,3,4,3,3,3
47439,53,0.000004,114,0,254,0,0,0,2,0,0,0,57,0,0,0,0,0,0.004,0,0,0,0,0,2,0,0,0,6,6,3,3,3,3,3
47439,53,0.000004,114,0,254,0,0,0,2,0,0,0,57,0,0,0,0,0,0.004,0,0,0,0,0,2,0,0,0,4,4,1,2,1,1,1
47439,53,0.000004,114,0,254,0,0,0,2,0,0,0,57,0,0,0,0,0,0.004,0,0,0,0,0,2,0,0,0,6,6,3,3,3,3,3
47439,53,0.000004,114,0,254,0,0,0,2,0,0,0,57,0,0,0,0,0,0.004,0,0,0,0,0,2,0,0,0,6,6,3,3,3,3,3
1043,53,0.000011,114,0,254,0,0,0,2,0,0,0,57,0,0,0,0,0,0.011,0,0,0,0,0,2,0,0,0,6,6,4,4,3,3,3
1043,53,0.000011,114,0,254,0,0,0,2,0,0,0,57,0,0,0,0,0,0.011,0,0,0,0,0,2,0,0,0,6,6,4,4,3,3,3
1043,53,0.000011,114,0,254,0,0,0,2,0,0,0,57,0,0,0,0,0,0.011,0,0,0,0,0,2,0,0,0,6,6,4,4,3,3,3
47439,53,0.000009,114,0,254,0,0,0,2,0,0,0,57,0,0,0,0,0,0.009,0,0,0,0,0,2,0,0,0,7,7,4,4,4,4,4
47439,53,0.000009,114,0,254,0,0,0,2,0,0,0,57,0,0,0,0,0,0.009,0,0,0,0,0,2,0,0,0,7,7,4,4,4,4,4
47439,53,0.000009,114,0,254,0,0,0,2,0,0,0,57,0,0,0,0,0,0.009,0,0,0,0,0,2,0,0,0,7,7,4,4,4,4,4
47439,53,0.000009,114,0,254,0,0,0,2,0,0,0,57,0,0,0,0,0,0.009,0,0,0,0,0,2,0,0,0,7,7,4,4,4,4,4
1043,53,0.000011,114,0,254,0,0,0,2,0,0,0,57,0,0,0,0,0,0.011,0,0,0,0,0,2,0,0,0,7,7,3,3,3,3,3
1043,53,0.000011,114,0,254,0,0,0,2,0,0,0,57,0,0,0,0,0,0.011,0,0,0,0,0,2,0,0,0,7,7,3,3,3,3,3
1043,53,0.000011,114,0,254,0,0,0,2,0,0,0,57,0,0,0,0,0,0.011,0,0,0,0,0,2,0,0,0,7,7,3,3,3,3,3
47439,53,0.000008,114,0,254,0,0,0,2,0,0,0,57,0,0,0,0,0,0.008,0,0,0,0,0,2,0,0,0,3,3,3,3,3,3,3
47439,53,0.000008,114,0,254,0,0,0,2,0,0,0,57,0,0,0,0,0,0.008,0,0,0,0,0,2,0,0,0,3,3,3,3,3,3,3
47439,53,0.000008,114,0,254,0,0,0,2,0,0,0,57,0,0,0,0,0,0.008,0,0,0,0,0,2,0,0,0,3,3,3,3,3,3,3
47439,53,0.000008,114,0,254,0,0,0,2,0,0,0,57,0,0,0,0,0,0.008,0,0,0,0,0,2,0,0,0,4,4,1,1,1,1,1
1043,53,0.000002,114,0,254,0,0,0,2,0,0,0,57,0,0,0,0,0,0.002,0,0,0,0,0,2,0,0,0,4,4,3,3,3,3,3
1043,53,0.000002,114,0,254,0,0,0,2,0,0,0,57,0,0,0,0,0,0.002,0,0,0,0,0,2,0,0,0,4,4,3,3,3,3,3
1043,53,0.000002,114,0,254,0,0,0,2,0,0,0,57,0,0,0,0,0,0.002,0,0,0,0,0,2,0,0,0,4,4,3,3,3,3,3
19674,80,2.01065,1652,144843,62,252,2,56,26,116,255,255,64,1249,0,0,4067.967884,2276.313803,80.405642,16.839757,0.218504,0.074071,0.144433,0,1,0,0,0,1,2,1,1,1,1,1
47439,53,0.000011,114,0,254,0,0,0,2,0,0,0,57,0,0,0,0,0,0.011,0,0,0,0,0,2,0,0,0,4,4,4,6,4,4,4
47439,53,0.000011,114,0,254,0,0,0,2,0,0,0,57,0,0,0,0,0,0.011,0,0,0,0,0,2,0,0,0,4,4,4,6,4,4,4
47439,53,0.000011,114,0,254,0,0,0,2,0,0,0,57,0,0,0,0,0,0.011,0,0,0,0,0,2,0,0,0,4,4,4,6,4,4,4
47439,53,0.000011,114,0,254,0,0,0,2,0,0,0,57,0,0,0,0,0,0.011,0,0,0,0,0,2,0,0,0,4,4,4,6,4,4,4
1043,53,0.000004,114,0,254,0,0,0,2,0,0,0,57,0,0,0,0,0,0.004,0,0,0,0,0,2,0,0,0,3,3,3,3,3,3,3
1043,53,0.000004,114,0,254,0,0,0,2,0,0,0,57,0,0,0,0,0,0.004,0,0,0,0,0,2,0,0,0,3,3,3,3,3,3,3
1043,53,0.000004,114,0,254,0,0,0,2,0,0,0,57,0,0,0,0,0,0.004,0,0,0,0,0,2,0,0,0,3,3,3,3,3,3,3
47439,53,0.000004,114,0,254,0,0,0,2,0,0,0,57,0,0,0,0,0,0.004,0,0,0,0,0,2,0,0,0,6,6,4,4,4,4,4
47439,53,0.000004,114,0,254,0,0,0,2,0,0,0,57,0,0,0,0,0,0.004,0,0,0,0,0,2,0,0,0,6,6,4,4,4,4,4
47439,53,0.000004,114,0,254,0,0,0,2,0,0,0,57,0,0,0,0,0,0.004,0,0,0,0,0,2,0,0,0,6,6,4,4,4,4,4
47439,53,0.000004,114,0,254,0,0,0,2,0,0,0,57,0,0,0,0,0,0.004,0,0,0,0,0,2,0,0,0,6,6,4,4,4,4,4
1043,53,0.000008,114,0,254,0,0,0,2,0,0,0,57,0,0,0,0,0,0.008,0,0,0,0,0,2,0,0,0,6,6,2,2,2,2,2
1043,53,0.000008,114,0,254,0,0,0,2,0,0,0,57,0,0,0,0,0,0.008,0,0,0,0,0,2,0,0,0,6,6,2,2,2,2,2
1043,53,0.000008,114,0,254,0,0,0,2,0,0,0,57,0,0,0,0,0,0.008,0,0,0,0,0,2,0,0,0,3,3,1,1,1,1,1
2372,8080,0.759027,1034,268,254,252,2,1,10,6,255,255,103,45,0,0,4985.845024,248.730234,84.262444,144.301406,0.131223,0.037519,0.093704,0,1,0,0,0,8,5,2,3,1,1,2
47439,53,0.00001,114,0,254,0,0,0,2,0,0,0,57,0,0,0,0,0,0.01,0,0,0,0,0,2,0,0,0,3,3,2,2,2,2,2
47439,53,0.00001,114,0,254,0,0,0,2,0,0,0,57,0,0,0,0,0,0.01,0,0,0,0,0,2,0,0,0,3,3,2,2,2,2,2
47439,53,0.00001,114,0,254,0,0,0,2,0,0,0,57,0,0,0,0,0,0.01,0,0,0,0,0,2,0,0,0,5,5,2,3,2,2,2
47439,53,0.00001,114,0,254,0,0,0,2,0,0,0,57,0,0,0,0,0,0.01,0,0,0,0,0,2,0,0,0,5,5,2,3,2,2,2
1043,53,0.000004,114,0,254,0,0,0,2,0,0,0,57,0,0,0,0,0,0.004,0,0,0,0,0,2,0,0,0,5,5,3,3,3,3,3
1043,53,0.000004,114,0,254,0,0,0,2,0,0,0,57,0,0,0,0,0,0.004,0,0,0,0,0,2,0,0,0,5,5,3,3,3,3,3
1043,53,0.000004,114,0,254,0,0,0,2,0,0,0,57,0,0,0,0,0,0.004,0,0,0,0,0,2,0,0,0,5,5,3,3,3,3,3
47439,53,0.000011,114,0,254,0,0,0,2,0,0,0,57,0,0,0,0,0,0.011,0,0,0,0,0,2,0,0,0,7,7,4,4,4,4,4
47439,53,0.000011,114,0,254,0,0,0,2,0,0,0,57,0,0,0,0,0,0.011,0,0,0,0,0,2,0,0,0,7,7,4,4,4,4,4
47439,53,0.000011,114,0,254,0,0,0,2,0,0,0,57,0,0,0,0,0,0.011,0,0,0,0,0,2,0,0,0,7,7,4,4,4,4,4
47439,53,0.000011,114,0,254,0,0,0,2,0,0,0,57,0,0,0,0,0,0.011,0,0,0,0,0,2,0,0,0,7,7,4,4,4,4,4
1043,53,0.000006,114,0,254,0,0,0,2,0,0,0,57,0,0,0,0,0,0.006,0,0,0,0,0,2,0,0,0,7,7,3,3,3,3,3
1043,53,0.000006,114,0,254,0,0,0,2,0,0,0,57,0,0,0,0,0,0.006,0,0,0,0,0,2,0,0,0,7,7,3,3,3,3,3
1043,53,0.000006,114,0,254,0,0,0,2,0,0,0,57,0,0,0,0,0,0.006,0,0,0,0,0,2,0,0,0,7,7,3,3,3,3,3
47439,53,0.000002,114,0,254,0,0,0,2,0,0,0,57,0,0,0,0,0,0.002,0,0,0,0,0,2,0,0,0,7,7,4,4,4,4,4
47439,53,0.000002,114,0,254,0,0,0,2,0,0,0,57,0,0,0,0,0,0.002,0,0,0,0,0,2,0,0,0,7,7,4,4,4,4,4
47439,53,0.000002,114,0,254,0,0,0,2,0,0,0,57,0,0,0,0,0,0.002,0,0,0,0,0,2,0,0,0,7,7,4,4,4,4,4
47439,53,0.000002,114,0,254,0,0,0,2,0,0,0,57,0,0,0,0,0,0.002,0,0,0,0,0,2,0,0,0,7,7,4,4,4,4,4
1043,53,0.000001,114,0,254,0,0,0,2,0,0,0,57,0,0,0,0,0,0.001,0,0,0,0,0,2,0,0,0,7,7,3,3,3,3,3
1043,53,0.000001,114,0,254,0,0,0,2,0,0,0,57,0,0,0,0,0,0.001,0,0,0,0,0,2,0,0,0,7,7,3,3,3,3,3
1043,53,0.000001,114,0,254,0,0,0,2,0,0,0,57,0,0,0,0,0,0.001,0,0,0,0,0,2,0,0,0,7,7,3,3,3,3,3
47439,53,0.000006,114,0,254,0,0,0,2,0,0,0,57,0,0,0,0,0,0.006,0,0,0,0,0,2,0,0,0,7,7,5,5,4,4,5
47439,53,0.000006,114,0,254,0,0,0,2,0,0,0,57,0,0,0,0,0,0.006,0,0,0,0,0,2,0,0,0,7,7,5,5,4,4,5
47439,53,0.000006,114,0,254,0,0,0,2,0,0,0,57,0,0,0,0,0,0.006,0,0,0,0,0,2,0,0,0,7,7,5,5,4,4,5
47439,53,0.000006,114,0,254,0,0,0,2,0,0,0,57,0,0,0,0,0,0.006,0,0,0,0,0,2,0,0,0,7,7,5,5,4,4,5
1043,53,0.000004,114,0,254,0,0,0,2,0,0,0,57,0,0,0,0,0,0.004,0,0,0,0,0,2,0,0,0,7,7,3,4,3,3,3
1043,53,0.000004,114,0,254,0,0,0,2,0,0,0,57,0,0,0,0,0,0.004,0,0,0,0,0,2,0,0,0,7,7,3,4,3,3,3
1043,53,0.000004,114,0,254,0,0,0,2,0,0,0,57,0,0,0,0,0,0.004,0,0,0,0,0,2,0,0,0,7,7,3,4,3,3,3
47439,53,0.00001,114,0,254,0,0,0,2,0,0,0,57,0,0,0,0,0,0.01,0,0,0,0,0,2,0,0,0,4,4,5,5,4,4,5
47439,53,0.00001,114,0,254,0,0,0,2,0,0,0,57,0,0,0,0,0,0.01,0,0,0,0,0,2,0,0,0,4,4,5,5,4,4,5
47439,53,0.00001,114,0,254,0,0,0,2,0,0,0,57,0,0,0,0,0,0.01,0,0,0,0,0,2,0,0,0,4,4,5,5,4,4,5
47439,53,0.00001,114,0,254,0,0,0,2,0,0,0,57,0,0,0,0,0,0.01,0,0,0,0,0,2,0,0,0,4,4,5,5,4,4,5
33233,5060,0.000012,1418,0,254,0,0,0,2,0,0,0,709,0,0,0,0,0,0.012,0,0,0,0,0,2,0,0,0,2,1,1,2,1,1,1
1043,53,0.000004,114,0,254,0,0,0,2,0,0,0,57,0,0,0,0,0,0.004,0,0,0,0,0,2,0,0,0,10,10,3,3,3,3,3
1043,53,0.000004,114,0,254,0,0,0,2,0,0,0,57,0,0,0,0,0,0.004,0,0,0,0,0,2,0,0,0,10,10,3,3,3,3,3
1043,53,0.000004,114,0,254,0,0,0,2,0,0,0,57,0,0,0,0,0,0.004,0,0,0,0,0,2,0,0,0,10,10,3,3,3,3,3
47439,53,0.000011,114,0,254,0,0,0,2,0,0,0,57,0,0,0,0,0,0.011,0,0,0,0,0,2,0,0,0,10,10,4,4,4,4,4
47439,53,0.000011,114,0,254,0,0,0,2,0,0,0,57,0,0,0,0,0,0.011,0,0,0,0,0,2,0,0,0,10,10,4,4,4,4,4
47439,53,0.000011,114,0,254,0,0,0,2,0,0,0,57,0,0,0,0,0,0.011,0,0,0,0,0,2,0,0,0,10,10,4,4,4,4,4
47439,53,0.000011,114,0,254,0,0,0,2,0,0,0,57,0,0,0,0,0,0.011,0,0,0,0,0,2,0,0,0,10,10,4,4,4,4,4
1043,53,0.000003,114,0,254,0,0,0,2,0,0,0,57,0,0,0,0,0,0.003,0,0,0,0,0,2,0,0,0,10,10,3,3,3,3,3
1043,53,0.000003,114,0,254,0,0,0,2,0,0,0,57,0,0,0,0,0,0.003,0,0,0,0,0,2,0,0,0,10,10,3,3,3,3,3
1043,53,0.000003,114,0,254,0,0,0,2,0,0,0,57,0,0,0,0,0,0.003,0,0,0,0,0,2,0,0,0,10,10,3,3,3,3,3
47439,53,0.000003,114,0,254,0,0,0,2,0,0,0,57,0,0,0,0,0,0.003,0,0,0,0,0,2,0,0,0,7,7,4,4,4,4,4
47439,53,0.000003,114,0,254,0,0,0,2,0,0,0,57,0,0,0,0,0,0.003,0,0,0,0,0,2,0,0,0,7,7,4,4,4,4,4
47439,53,0.000003,114,0,254,0,0,0,2,0,0,0,57,0,0,0,0,0,0.003,0,0,0,0,0,2,0,0,0,7,7,4,4,4,4,4
47439,53,0.000003,114,0,254,0,0,0,2,0,0,0,57,0,0,0,0,0,0.003,0,0,0,0,0,2,0,0,0,7,7,4,4,4,4,4
1043,53,0.000004,114,0,254,0,0,0,2,0,0,0,57,0,0,0,0,0,0.004,0,0,0,0,0,2,0,0,0,7,7,3,3,3,3,3
1043,53,0.000004,114,0,254,0,0,0,2,0,0,0,57,0,0,0,0,0,0.004,0,0,0,0,0,2,0,0,0,7,7,3,3,3,3,3
1043,53,0.000004,114,0,254,0,0,0,2,0,0,0,57,0,0,0,0,0,0.004,0,0,0,0,0,2,0,0,0,7,7,3,3,3,3,3
47439,53,0.000009,114,0,254,0,0,0,2,0,0,0,57,0,0,0,0,0,0.009,0,0,0,0,0,2,0,0,0,7,7,4,4,4,4,4
47439,53,0.000009,114,0,254,0,0,0,2,0,0,0,57,0,0,0,0,0,0.009,0,0,0,0,0,2,0,0,0,7,7,4,4,4,4,4
47439,53,0.000009,114,0,254,0,0,0,2,0,0,0,57,0,0,0,0,0,0.009,0,0,0,0,0,2,0,0,0,7,7,4,4,4,4,4
47439,53,0.000009,114,0,254,0,0,0,2,0,0,0,57,0,0,0,0,0,0.009,0,0,0,0,0,2,0,0,0,7,7,4,4,4,4,4
1043,53,0.000004,114,0,254,0,0,0,2,0,0,0,57,0,0,0,0,0,0.004,0,0,0,0,0,2,0,0,0,7,7,3,3,3,3,3
1043,53,0.000004,114,0,254,0,0,0,2,0,0,0,57,0,0,0,0,0,0.004,0,0,0,0,0,2,0,0,0,7,7,3,3,3,3,3
1043,53,0.000004,114,0,254,0,0,0,2,0,0,0,57,0,0,0,0,0,0.004,0,0,0,0,0,2,0,0,0,7,7,3,3,3,3,3
1043,53,0.000007,114,0,254,0,0,0,2,0,0,0,57,0,0,0,0,0,0.007,0,0,0,0,0,2,0,0,0,7,7,7,8,7,3,7
47439,53,0.000007,114,0,254,0,0,0,2,0,0,0,57,0,0,0,0,0,0.007,0,0,0,0,0,2,0,0,0,7,7,7,8,7,4,7
1043,53,0.000007,114,0,254,0,0,0,2,0,0,0,57,0,0,0,0,0,0.007,0,0,0,0,0,2,0,0,0,7,7,7,8,7,3,7
1043,53,0.000007,114,0,254,0,0,0,2,0,0,0,57,0,0,0,0,0,0.007,0,0,0,0,0,2,0,0,0,7,7,7,8,7,3,7
47439,53,0.000007,114,0,254,0,0,0,2,0,0,0,57,0,0,0,0,0,0.007,0,0,0,0,0,2,0,0,0,7,7,7,8,7,4,7
47439,53,0.000007,114,0,254,0,0,0,2,0,0,0,57,0,0,0,0,0,0.007,0,0,0,0,0,2,0,0,0,7,7,7,8,7,4,7
47439,53,0.000007,114,0,254,0,0,0,2,0,0,0,57,0,0,0,0,0,0.007,0,0,0,0,0,2,0,0,0,7,7,7,8,7,4,7
47439,53,0.000011,114,0,254,0,0,0,2,0,0,0,57,0,0,0,0,0,0.011,0,0,0,0,0,2,0,0,0,8,8,7,7,7,4,7
47439,53,0.000011,114,0,254,0,0,0,2,0,0,0,57,0,0,0,0,0,0.011,0,0,0,0,0,2,0,0,0,8,8,7,7,7,4,7
1043,53,0.000004,114,0,254,0,0,0,2,0,0,0,57,0,0,0,0,0,0.004,0,0,0,0,0,2,0,0,0,8,8,7,7,7,3,7
1043,53,0.000004,114,0,254,0,0,0,2,0,0,0,57,0,0,0,0,0,0.004,0,0,0,0,0,2,0,0,0,8,8,7,7,7,3,7
1043,53,0.000004,114,0,254,0,0,0,2,0,0,0,57,0,0,0,0,0,0.004,0,0,0,0,0,2,0,0,0,8,8,7,7,7,3,7
47439,53,0.000011,114,0,254,0,0,0,2,0,0,0,57,0,0,0,0,0,0.011,0,0,0,0,0,2,0,0,0,8,8,7,7,7,4,7
47439,53,0.000011,114,0,254,0,0,0,2,0,0,0,57,0,0,0,0,0,0.011,0,0,0,0,0,2,0,0,0,8,8,7,7,7,4,7
47439,53,0.000008,114,0,254,0,0,0,2,0,0,0,57,0,0,0,0,0,0.008,0,0,0,0,0,2,0,0,0,8,8,1,1,1,1,1
47439,53,0.000008,114,0,254,0,0,0,2,0,0,0,57,0,0,0,0,0,0.008,0,0,0,0,0,2,0,0,0,8,8,3,3,3,3,3
47439,53,0.000008,114,0,254,0,0,0,2,0,0,0,57,0,0,0,0,0,0.008,0,0,0,0,0,2,0,0,0,8,8,3,3,3,3,3
47439,53,0.000008,114,0,254,0,0,0,2,0,0,0,57,0,0,0,0,0,0.008,0,0,0,0,0,2,0,0,0,8,8,3,3,3,3,3
1043,53,0.000011,114,0,254,0,0,0,2,0,0,0,57,0,0,0,0,0,0.011,0,0,0,0,0,2,0,0,0,8,8,3,3,3,3,3
1043,53,0.000011,114,0,254,0,0,0,2,0,0,0,57,0,0,0,0,0,0.011,0,0,0,0,0,2,0,0,0,8,8,3,3,3,3,3
1043,53,0.000011,114,0,254,0,0,0,2,0,0,0,57,0,0,0,0,0,0.011,0,0,0,0,0,2,0,0,0,8,8,3,3,3,3,3
47439,53,0.000011,114,0,254,0,0,0,2,0,0,0,57,0,0,0,0,0,0.011,0,0,0,0,0,2,0,0,0,8,8,2,2,2,1,2
47439,53,0.000011,114,0,254,0,0,0,2,0,0,0,57,0,0,0,0,0,0.011,0,0,0,0,0,2,0,0,0,8,8,5,5,5,3,5
47439,53,0.000011,114,0,254,0,0,0,2,0,0,0,57,0,0,0,0,0,0.011,0,0,0,0,0,2,0,0,0,8,8,5,5,5,3,5
47439,53,0.000011,114,0,254,0,0,0,2,0,0,0,57,0,0,0,0,0,0.011,0,0,0,0,0,2,0,0,0,8,8,5,5,5,3,5
1043,53,0.000003,114,0,254,0,0,0,2,0,0,0,57,0,0,0,0,0,0.003,0,0,0,0,0,2,0,0,0,8,8,2,2,2,1,2
1043,53,0.000003,114,0,254,0,0,0,2,0,0,0,57,0,0,0,0,0,0.003,0,0,0,0,0,2,0,0,0,8,8,5,5,5,2,5
1043,53,0.000003,114,0,254,0,0,0,2,0,0,0,57,0,0,0,0,0,0.003,0,0,0,0,0,2,0,0,0,8,8,5,5,5,2,5
47439,53,0.000004,114,0,254,0,0,0,2,0,0,0,57,0,0,0,0,0,0.004,0,0,0,0,0,2,0,0,0,8,8,3,3,3,3,3
47439,53,0.000004,114,0,254,0,0,0,2,0,0,0,57,0,0,0,0,0,0.004,0,0,0,0,0,2,0,0,0,8,8,3,3,3,3,3
47439,53,0.000004,114,0,254,0,0,0,2,0,0,0,57,0,0,0,0,0,0.004,0,0,0,0,0,2,0,0,0,11,11,1,2,1,1,1
47439,53,0.000004,114,0,254,0,0,0,2,0,0,0,57,0,0,0,0,0,0.004,0,0,0,0,0,2,0,0,0,8,8,3,3,3,3,3
1043,53,0.000004,114,0,254,0,0,0,2,0,0,0,57,0,0,0,0,0,0.004,0,0,0,0,0,2,0,0,0,11,11,3,3,3,3,3
1043,53,0.000004,114,0,254,0,0,0,2,0,0,0,57,0,0,0,0,0,0.004,0,0,0,0,0,2,0,0,0,11,11,3,3,3,3,3
1043,53,0.000004,114,0,254,0,0,0,2,0,0,0,57,0,0,0,0,0,0.004,0,0,0,0,0,2,0,0,0,11,11,3,3,3,3,3
47439,53,0.000008,114,0,254,0,0,0,2,0,0,0,57,0,0,0,0,0,0.008,0,0,0,0,0,2,0,0,0,11,11,4,4,4,4,4
47439,53,0.000008,114,0,254,0,0,0,2,0,0,0,57,0,0,0,0,0,0.008,0,0,0,0,0,2,0,0,0,11,11,4,4,4,4,4
47439,53,0.000008,114,0,254,0,0,0,2,0,0,0,57,0,0,0,0,0,0.008,0,0,0,0,0,2,0,0,0,11,11,4,4,4,4,4
47439,53,0.000008,114,0,254,0,0,0,2,0,0,0,57,0,0,0,0,0,0.008,0,0,0,0,0,2,0,0,0,11,11,4,4,4,4,4
1043,53,0.00001,114,0,254,0,0,0,2,0,0,0,57,0,0,0,0,0,0.01,0,0,0,0,0,2,0,0,0,11,11,3,3,3,3,3
1043,53,0.00001,114,0,254,0,0,0,2,0,0,0,57,0,0,0,0,0,0.01,0,0,0,0,0,2,0,0,0,11,11,3,3,3,3,3
1043,53,0.00001,114,0,254,0,0,0,2,0,0,0,57,0,0,0,0,0,0.01,0,0,0,0,0,2,0,0,0,11,11,3,3,3,3,3
47439,53,0.000002,114,0,254,0,0,0,2,0,0,0,57,0,0,0,0,0,0.002,0,0,0,0,0,2,0,0,0,4,4,4,4,4,4,4
47439,53,0.000002,114,0,254,0,0,0,2,0,0,0,57,0,0,0,0,0,0.002,0,0,0,0,0,2,0,0,0,4,4,4,4,4,4,4
47439,53,0.000002,114,0,254,0,0,0,2,0,0,0,57,0,0,0,0,0,0.002,0,0,0,0,0,2,0,0,0,4,4,4,4,4,4,4
47439,53,0.000002,114,0,254,0,0,0,2,0,0,0,57,0,0,0,0,0,0.002,0,0,0,0,0,2,0,0,0,4,4,4,4,4,4,4
1043,53,0.000007,114,0,254,0,0,0,2,0,0,0,57,0,0,0,0,0,0.007,0,0,0,0,0,2,0,0,0,13,13,3,3,3,3,3
1043,53,0.000007,114,0,254,0,0,0,2,0,0,0,57,0,0,0,0,0,0.007,0,0,0,0,0,2,0,0,0,13,13,3,3,3,3,3
1043,53,0.000007,114,0,254,0,0,0,2,0,0,0,57,0,0,0,0,0,0.007,0,0,0,0,0,2,0,0,0,13,13,3,3,3,3,3
1043,53,0.000006,114,0,254,0,0,0,2,0,0,0,57,0,0,0,0,0,0.006,0,0,0,0,0,2,0,0,0,13,13,7,7,7,3,7
1043,53,0.000006,114,0,254,0,0,0,2,0,0,0,57,0,0,0,0,0,0.006,0,0,0,0,0,2,0,0,0,13,13,7,7,7,3,7
1043,53,0.000006,114,0,254,0,0,0,2,0,0,0,57,0,0,0,0,0,0.006,0,0,0,0,0,2,0,0,0,13,13,7,7,7,3,7
47439,53,0.000008,114,0,254,0,0,0,2,0,0,0,57,0,0,0,0,0,0.008,0,0,0,0,0,2,0,0,0,13,13,7,7,7,4,7
47439,53,0.000008,114,0,254,0,0,0,2,0,0,0,57,0,0,0,0,0,0.008,0,0,0,0,0,2,0,0,0,13,13,7,7,7,4,7
47439,53,0.000008,114,0,254,0,0,0,2,0,0,0,57,0,0,0,0,0,0.008,0,0,0,0,0,2,0,0,0,13,13,7,7,7,4,7
47439,53,0.000008,114,0,254,0,0,0,2,0,0,0,57,0,0,0,0,0,0.008,0,0,0,0,0,2,0,0,0,13,13,7,7,7,4,7
47439,53,0.000002,114,0,254,0,0,0,2,0,0,0,57,0,0,0,0,0,0.002,0,0,0,0,0,2,0,0,0,13,13,3,4,3,3,3
47439,53,0.000002,114,0,254,0,0,0,2,0,0,0,57,0,0,0,0,0,0.002,0,0,0,0,0,2,0,0,0,13,13,3,4,3,3,3
47439,53,0.000002,114,0,254,0,0,0,2,0,0,0,57,0,0,0,0,0,0.002,0,0,0,0,0,2,0,0,0,13,13,3,4,3,3,3
33110,6502,0.471705,1212,468,254,252,3,2,12,8,255,255,101,59,0,0,2331.139275,86.393852,42.798544,56.41957,0.185119,0.076758,0.108361,0,1,0,0,0,2,1,1,4,1,1,1
47439,53,0.000002,114,0,254,0,0,0,2,0,0,0,57,0,0,0,0,0,0.002,0,0,0,0,0,2,0,0,0,4,4,1,1,1,1,1
1043,53,0.00001,114,0,254,0,0,0,2,0,0,0,57,0,0,0,0,0,0.01,0,0,0,0,0,2,0,0,0,4,4,3,3,3,3,3
1043,53,0.00001,114,0,254,0,0,0,2,0,0,0,57,0,0,0,0,0,0.01,0,0,0,0,0,2,0,0,0,4,4,3,3,3,3,3
1043,53,0.00001,114,0,254,0,0,0,2,0,0,0,57,0,0,0,0,0,0.01,0,0,0,0,0,2,0,0,0,4,4,3,3,3,3,3
55434,21,0.694774,364,388,62,252,1,2,8,8,255,255,46,49,0,0,6811.691221,208.901828,99.253431,93.225711,0.101991,0.025488,0.076503,0,1,0,0,0,1,1,1,1,1,1,1
47439,53,0.00001,114,0,254,0,0,0,2,0,0,0,57,0,0,0,0,0,0.01,0,0,0,0,0,2,0,0,0,12,12,4,4,4,4,4
47439,53,0.00001,114,0,254,0,0,0,2,0,0,0,57,0,0,0,0,0,0.01,0,0,0,0,0,2,0,0,0,12,12,4,4,4,4,4
47439,53,0.00001,114,0,254,0,0,0,2,0,0,0,57,0,0,0,0,0,0.01,0,0,0,0,0,2,0,0,0,12,12,4,4,4,4,4
47439,53,0.00001,114,0,254,0,0,0,2,0,0,0,57,0,0,0,0,0,0.01,0,0,0,0,0,2,0,0,0,12,12,4,4,4,4,4
1043,53,0.000003,114,0,254,0,0,0,2,0,0,0,57,0,0,0,0,0,0.003,0,0,0,0,0,2,0,0,0,12,12,3,3,3,3,3
1043,53,0.000003,114,0,254,0,0,0,2,0,0,0,57,0,0,0,0,0,0.003,0,0,0,0,0,2,0,0,0,12,12,3,3,3,3,3
1043,53,0.000003,114,0,254,0,0,0,2,0,0,0,57,0,0,0,0,0,0.003,0,0,0,0,0,2,0,0,0,12,12,3,3,3,3,3
47439,53,0.000008,114,0,254,0,0,0,2,0,0,0,57,0,0,0,0,0,0.008,0,0,0,0,0,2,0,0,0,12,12,6,6,5,3,5
47439,53,0.000008,114,0,254,0,0,0,2,0,0,0,57,0,0,0,0,0,0.008,0,0,0,0,0,2,0,0,0,12,12,6,6,5,3,5
47439,53,0.000008,114,0,254,0,0,0,2,0,0,0,57,0,0,0,0,0,0.008,0,0,0,0,0,2,0,0,0,12,12,6,6,5,3,5
47439,53,0.000008,114,0,254,0,0,0,2,0,0,0,57,0,0,0,0,0,0.008,0,0,0,0,0,2,0,0,0,9,9,2,2,2,1,2
1043,53,0.000006,114,0,254,0,0,0,2,0,0,0,57,0,0,0,0,0,0.006,0,0,0,0,0,2,0,0,0,12,12,6,6,5,2,5
1043,53,0.000006,114,0,254,0,0,0,2,0,0,0,57,0,0,0,0,0,0.006,0,0,0,0,0,2,0,0,0,12,12,6,6,5,2,5
1043,53,0.000006,114,0,254,0,0,0,2,0,0,0,57,0,0,0,0,0,0.006,0,0,0,0,0,2,0,0,0,9,9,2,2,2,1,2
47439,53,0.00001,114,0,254,0,0,0,2,0,0,0,57,0,0,0,0,0,0.01,0,0,0,0,0,2,0,0,0,9,9,4,5,4,4,4
47439,53,0.00001,114,0,254,0,0,0,2,0,0,0,57,0,0,0,0,0,0.01,0,0,0,0,0,2,0,0,0,9,9,4,5,4,4,4
47439,53,0.00001,114,0,254,0,0,0,2,0,0,0,57,0,0,0,0,0,0.01,0,0,0,0,0,2,0,0,0,9,9,4,5,4,4,4
47439,53,0.00001,114,0,254,0,0,0,2,0,0,0,57,0,0,0,0,0,0.01,0,0,0,0,0,2,0,0,0,9,9,4,5,4,4,4
1043,53,0.000003,114,0,254,0,0,0,2,0,0,0,57,0,0,0,0,0,0.003,0,0,0,0,0,2,0,0,0,9,9,3,3,3,3,3
1043,53,0.000003,114,0,254,0,0,0,2,0,0,0,57,0,0,0,0,0,0.003,0,0,0,0,0,2,0,0,0,9,9,3,3,3,3,3
1043,53,0.000003,114,0,254,0,0,0,2,0,0,0,57,0,0,0,0,0,0.003,0,0,0,0,0,2,0,0,0,9,9,3,3,3,3,3
4342,5060,0.000012,1434,0,254,0,0,0,2,0,0,0,717,0,0,0,0,0,0.012,0,0,0,0,0,2,0,0,0,1,3,1,1,1,1,1
1043,53,0.000011,114,0,254,0,0,0,2,0,0,0,57,0,0,0,0,0,0.011,0,0,0,0,0,2,0,0,0,7,7,7,8,7,3,7
1043,53,0.000011,114,0,254,0,0,0,2,0,0,0,57,0,0,0,0,0,0.011,0,0,0,0,0,2,0,0,0,7,7,7,8,7,3,7
1043,53,0.000011,114,0,254,0,0,0,2,0,0,0,57,0,0,0,0,0,0.011,0,0,0,0,0,2,0,0,0,7,7,7,8,7,3,7
47439,53,0.000008,114,0,254,0,0,0,2,0,0,0,57,0,0,0,0,0,0.008,0,0,0,0,0,2,0,0,0,7,7,7,8,7,4,7
47439,53,0.000008,114,0,254,0,0,0,2,0,0,0,57,0,0,0,0,0,0.008,0,0,0,0,0,2,0,0,0,7,7,7,8,7,4,7
47439,53,0.000008,114,0,254,0,0,0,2,0,0,0,57,0,0,0,0,0,0.008,0,0,0,0,0,2,0,0,0,7,7,7,8,7,4,7
47439,53,0.000008,114,0,254,0,0,0,2,0,0,0,57,0,0,0,0,0,0.008,0,0,0,0,0,2,0,0,0,7,7,7,8,7,4,7
47439,53,0.00001,114,0,254,0,0,0,2,0,0,0,57,0,0,0,0,0,0.01,0,0,0,0,0,2,0,0,0,14,14,7,7,7,4,7
47439,53,0.00001,114,0,254,0,0,0,2,0,0,0,57,0,0,0,0,0,0.01,0,0,0,0,0,2,0,0,0,14,14,7,7,7,4,7
1043,53,0.000011,114,0,254,0,0,0,2,0,0,0,57,0,0,0,0,0,0.011,0,0,0,0,0,2,0,0,0,14,14,7,7,7,3,7
47439,53,0.00001,114,0,254,0,0,0,2,0,0,0,57,0,0,0,0,0,0.01,0,0,0,0,0,2,0,0,0,14,14,7,7,7,4,7
47439,53,0.00001,114,0,254,0,0,0,2,0,0,0,57,0,0,0,0,0,0.01,0,0,0,0,0,2,0,0,0,14,14,7,7,7,4,7
1043,53,0.000011,114,0,254,0,0,0,2,0,0,0,57,0,0,0,0,0,0.011,0,0,0,0,0,2,0,0,0,14,14,7,7,7,3,7
1043,53,0.000011,114,0,254,0,0,0,2,0,0,0,57,0,0,0,0,0,0.011,0,0,0,0,0,2,0,0,0,14,14,7,7,7,3,7
1043,53,0.00001,114,0,254,0,0,0,2,0,0,0,57,0,0,0,0,0,0.01,0,0,0,0,0,2,0,0,0,14,14,7,7,7,3,7
1043,53,0.00001,114,0,254,0,0,0,2,0,0,0,57,0,0,0,0,0,0.01,0,0,0,0,0,2,0,0,0,14,14,7,7,7,3,7
1043,53,0.00001,114,0,254,0,0,0,2,0,0,0,57,0,0,0,0,0,0.01,0,0,0,0,0,2,0,0,0,14,14,7,7,7,3,7
47439,53,0.00001,114,0,254,0,0,0,2,0,0,0,57,0,0,0,0,0,0.01,0,0,0,0,0,2,0,0,0,14,14,7,7,7,4,7
47439,53,0.00001,114,0,254,0,0,0,2,0,0,0,57,0,0,0,0,0,0.01,0,0,0,0,0,2,0,0,0,14,14,7,7,7,4,7
47439,53,0.00001,114,0,254,0,0,0,2,0,0,0,57,0,0,0,0,0,0.01,0,0,0,0,0,2,0,0,0,14,14,7,7,7,4,7
47439,53,0.00001,114,0,254,0,0,0,2,0,0,0,57,0,0,0,0,0,0.01,0,0,0,0,0,2,0,0,0,14,14,7,7,7,4,7
47439,53,0.000002,114,0,254,0,0,0,2,0,0,0,57,0,0,0,0,0,0.002,0,0,0,0,0,2,0,0,0,4,4,4,4,4,4,4
47439,53,0.000002,114,0,254,0,0,0,2,0,0,0,57,0,0,0,0,0,0.002,0,0,0,0,0,2,0,0,0,4,4,4,4,4,4,4
47439,53,0.000002,114,0,254,0,0,0,2,0,0,0,57,0,0,0,0,0,0.002,0,0,0,0,0,2,0,0,0,4,4,4,4,4,4,4
47439,53,0.000002,114,0,254,0,0,0,2,0,0,0,57,0,0,0,0,0,0.002,0,0,0,0,0,2,0,0,0,4,4,4,4,4,4,4
1043,53,0.000002,114,0,254,0,0,0,2,0,0,0,57,0,0,0,0,0,0.002,0,0,0,0,0,2,0,0,0,11,11,3,3,3,3,3
1043,53,0.000002,114,0,254,0,0,0,2,0,0,0,57,0,0,0,0,0,0.002,0,0,0,0,0,2,0,0,0,11,11,3,3,3,3,3
1043,53,0.000002,114,0,254,0,0,0,2,0,0,0,57,0,0,0,0,0,0.002,0,0,0,0,0,2,0,0,0,11,11,3,3,3,3,3
47439,53,0.000011,114,0,254,0,0,0,2,0,0,0,57,0,0,0,0,0,0.011,0,0,0,0,0,2,0,0,0,11,11,5,4,4,4,4
47439,53,0.000011,114,0,254,0,0,0,2,0,0,0,57,0,0,0,0,0,0.011,0,0,0,0,0,2,0,0,0,11,11,5,4,4,4,4
47439,53,0.000011,114,0,254,0,0,0,2,0,0,0,57,0,0,0,0,0,0.011,0,0,0,0,0,2,0,0,0,11,11,5,4,4,4,4
47439,53,0.000011,114,0,254,0,0,0,2,0,0,0,57,0,0,0,0,0,0.011,0,0,0,0,0,2,0,0,0,11,11,5,4,4,4,4
1043,53,0.000008,114,0,254,0,0,0,2,0,0,0,57,0,0,0,0,0,0.008,0,0,0,0,0,2,0,0,0,11,11,4,5,3,3,4
1043,53,0.000008,114,0,254,0,0,0,2,0,0,0,57,0,0,0,0,0,0.008,0,0,0,0,0,2,0,0,0,11,11,4,5,3,3,4
1043,53,0.000008,114,0,254,0,0,0,2,0,0,0,57,0,0,0,0,0,0.008,0,0,0,0,0,2,0,0,0,11,11,4,5,3,3,4
1043,53,0.00001,114,0,254,0,0,0,2,0,0,0,57,0,0,0,0,0,0.01,0,0,0,0,0,2,0,0,0,12,12,6,6,6,3,6
1043,53,0.00001,114,0,254,0,0,0,2,0,0,0,57,0,0,0,0,0,0.01,0,0,0,0,0,2,0,0,0,12,12,6,6,6,3,6
1043,53,0.00001,114,0,254,0,0,0,2,0,0,0,57,0,0,0,0,0,0.01,0,0,0,0,0,2,0,0,0,12,12,6,6,6,3,6
47439,53,0.000011,114,0,254,0,0,0,2,0,0,0,57,0,0,0,0,0,0.011,0,0,0,0,0,2,0,0,0,12,12,6,6,6,3,6
47439,53,0.000011,114,0,254,0,0,0,2,0,0,0,57,0,0,0,0,0,0.011,0,0,0,0,0,2,0,0,0,12,12,6,6,6,3,6
47439,53,0.000011,114,0,254,0,0,0,2,0,0,0,57,0,0,0,0,0,0.011,0,0,0,0,0,2,0,0,0,12,12,6,6,6,3,6
47439,53,0.000011,114,0,254,0,0,0,2,0,0,0,57,0,0,0,0,0,0.011,0,0,0,0,0,2,0,0,0,11,11,1,1,1,1,1
47439,53,0.000011,114,0,254,0,0,0,2,0,0,0,57,0,0,0,0,0,0.011,0,0,0,0,0,2,0,0,0,12,12,6,7,6,3,6
47439,53,0.000011,114,0,254,0,0,0,2,0,0,0,57,0,0,0,0,0,0.011,0,0,0,0,0,2,0,0,0,12,12,6,7,6,3,6
47439,53,0.000011,114,0,254,0,0,0,2,0,0,0,57,0,0,0,0,0,0.011,0,0,0,0,0,2,0,0,0,12,12,6,7,6,3,6
47439,53,0.000011,114,0,254,0,0,0,2,0,0,0,57,0,0,0,0,0,0.011,0,0,0,0,0,2,0,0,0,11,11,1,1,1,1,1
1043,53,0.00001,114,0,254,0,0,0,2,0,0,0,57,0,0,0,0,0,0.01,0,0,0,0,0,2,0,0,0,12,12,6,7,6,3,6
1043,53,0.00001,114,0,254,0,0,0,2,0,0,0,57,0,0,0,0,0,0.01,0,0,0,0,0,2,0,0,0,12,12,6,7,6,3,6
1043,53,0.00001,114,0,254,0,0,0,2,0,0,0,57,0,0,0,0,0,0.01,0,0,0,0,0,2,0,0,0,12,12,6,7,6,3,6
1043,53,0.00001,114,0,254,0,0,0,2,0,0,0,57,0,0,0,0,0,0.01,0,0,0,0,0,2,0,0,0,11,11,7,7,7,3,7
1043,53,0.00001,114,0,254,0,0,0,2,0,0,0,57,0,0,0,0,0,0.01,0,0,0,0,0,2,0,0,0,11,11,7,7,7,3,7
47439,53,0.000009,114,0,254,0,0,0,2,0,0,0,57,0,0,0,0,0,0.009,0,0,0,0,0,2,0,0,0,11,11,7,7,7,4,7
47439,53,0.000009,114,0,254,0,0,0,2,0,0,0,57,0,0,0,0,0,0.009,0,0,0,0,0,2,0,0,0,11,11,7,7,7,4,7
47439,53,0.000009,114,0,254,0,0,0,2,0,0,0,57,0,0,0,0,0,0.009,0,0,0,0,0,2,0,0,0,11,11,7,7,7,4,7
47439,53,0.000009,114,0,254,0,0,0,2,0,0,0,57,0,0,0,0,0,0.009,0,0,0,0,0,2,0,0,0,11,11,7,7,7,4,7
1043,53,0.00001,114,0,254,0,0,0,2,0,0,0,57,0,0,0,0,0,0.01,0,0,0,0,0,2,0,0,0,11,11,7,7,7,3,7
47439,53,0.000011,114,0,254,0,0,0,2,0,0,0,57,0,0,0,0,0,0.011,0,0,0,0,0,2,0,0,0,11,11,3,3,3,3,3
47439,53,0.000011,114,0,254,0,0,0,2,0,0,0,57,0,0,0,0,0,0.011,0,0,0,0,0,2,0,0,0,11,11,3,3,3,3,3
47439,53,0.000011,114,0,254,0,0,0,2,0,0,0,57,0,0,0,0,0,0.011,0,0,0,0,0,2,0,0,0,11,11,3,3,3,3,3
47439,53,0.000011,114,0,254,0,0,0,2,0,0,0,57,0,0,0,0,0,0.011,0,0,0,0,0,2,0,0,0,11,11,1,1,1,1,1
1043,53,0.000011,114,0,254,0,0,0,2,0,0,0,57,0,0,0,0,0,0.011,0,0,0,0,0,2,0,0,0,11,11,3,3,3,3,3
1043,53,0.000011,114,0,254,0,0,0,2,0,0,0,57,0,0,0,0,0,0.011,0,0,0,0,0,2,0,0,0,11,11,3,3,3,3,3
1043,53,0.000011,114,0,254,0,0,0,2,0,0,0,57,0,0,0,0,0,0.011,0,0,0,0,0,2,0,0,0,11,11,3,3,3,3,3
47439,53,0.000011,114,0,254,0,0,0,2,0,0,0,57,0,0,0,0,0,0.011,0,0,0,0,0,2,0,0,0,11,11,4,4,4,4,4
47439,53,0.000011,114,0,254,0,0,0,2,0,0,0,57,0,0,0,0,0,0.011,0,0,0,0,0,2,0,0,0,11,11,4,4,4,4,4
47439,53,0.000011,114,0,254,0,0,0,2,0,0,0,57,0,0,0,0,0,0.011,0,0,0,0,0,2,0,0,0,11,11,4,4,4,4,4
47439,53,0.000011,114,0,254,0,0,0,2,0,0,0,57,0,0,0,0,0,0.011,0,0,0,0,0,2,0,0,0,11,11,4,4,4,4,4
1043,53,0.00001,114,0,254,0,0,0,2,0,0,0,57,0,0,0,0,0,0.01,0,0,0,0,0,2,0,0,0,11,11,4,3,3,3,3
1043,53,0.00001,114,0,254,0,0,0,2,0,0,0,57,0,0,0,0,0,0.01,0,0,0,0,0,2,0,0,0,11,11,4,3,3,3,3
1043,53,0.00001,114,0,254,0,0,0,2,0,0,0,57,0,0,0,0,0,0.01,0,0,0,0,0,2,0,0,0,11,11,4,3,3,3,3
47439,53,0.00001,114,0,254,0,0,0,2,0,0,0,57,0,0,0,0,0,0.01,0,0,0,0,0,2,0,0,0,7,7,7,7,7,4,7
47439,53,0.00001,114,0,254,0,0,0,2,0,0,0,57,0,0,0,0,0,0.01,0,0,0,0,0,2,0,0,0,7,7,7,7,7,4,7
1043,53,0.000011,114,0,254,0,0,0,2,0,0,0,57,0,0,0,0,0,0.011,0,0,0,0,0,2,0,0,0,7,7,7,7,7,3,7
1043,53,0.000011,114,0,254,0,0,0,2,0,0,0,57,0,0,0,0,0,0.011,0,0,0,0,0,2,0,0,0,7,7,7,7,7,3,7
1043,53,0.000011,114,0,254,0,0,0,2,0,0,0,57,0,0,0,0,0,0.011,0,0,0,0,0,2,0,0,0,7,7,7,7,7,3,7
47439,53,0.00001,114,0,254,0,0,0,2,0,0,0,57,0,0,0,0,0,0.01,0,0,0,0,0,2,0,0,0,7,7,7,7,7,4,7
47439,53,0.00001,114,0,254,0,0,0,2,0,0,0,57,0,0,0,0,0,0.01,0,0,0,0,0,2,0,0,0,7,7,7,7,7,4,7
15353,25,0.682159,8958,1732,254,252,9,8,24,20,255,255,373,87,0,0,1694.970803,45.936543,29.659088,34.916211,0.030935,0.014805,0.01613,0,1,0,0,0,3,1,1,2,2,1,1
47725,5060,0.000011,1394,0,254,0,0,0,2,0,0,0,697,0,0,0,0,0,0.011,0,0,0,0,0,2,0,0,0,1,1,1,1,1,1,1
64210,143,0.411964,1486,268,254,252,2,1,10,6,255,255,149,45,0,0,2314.857031,105.542258,45.658556,68.798398,0.12923,0.067962,0.061268,0,1,0,0,0,7,3,1,2,1,1,1
37588,25,2.032704,8576,1896,254,252,9,8,24,20,255,255,357,95,0,0,4661.847903,113.309133,88.378435,98.277312,0.306727,0.16493,0.141797,0,1,0,0,0,3,4,2,2,1,1,1
29549,80,7.082563,6026,963403,62,252,2,350,118,704,255,255,51,1368,0,0,2895.470036,1175.190454,60.534725,9.906383,0.125487,0.06591,0.059577,0,1,0,0,0,6,1,1,2,1,1,1
8892,5060,0.000008,1300,0,254,0,0,0,2,0,0,0,650,0,0,0,0,0,0.008,0,0,0,0,0,2,0,0,0,5,1,1,3,1,1,1
8848,22,1.355783,5508,4400,254,252,13,13,32,30,255,255,172,147,0,0,2077.124653,51.107898,43.448547,46.492723,0.052806,0.007483,0.045323,0,1,0,0,0,1,1,1,1,1,1,1
32431,5060,0.000004,1286,0,254,0,0,0,2,0,0,0,643,0,0,0,0,0,0.004,0,0,0,0,0,2,0,0,0,1,1,1,1,1,1,1
57099,80,0.386238,1190,11762,62,252,2,5,10,14,255,255,119,840,0,0,2917.495009,0,42.915333,27.301309,0.073808,0.025789,0.048019,0,1,0,0,0,1,1,1,1,1,1,1
29081,80,0.263642,1052,1256,254,252,2,2,10,8,255,255,105,157,0,0,1451.829693,52.935773,29.293556,36.640855,0.051399,0.006537,0.044862,0,1,0,0,0,1,1,1,1,1,1,1
34209,5060,0.000013,1408,0,254,0,0,0,2,0,0,0,704,0,0,0,0,0,0.013,0,0,0,0,0,2,0,0,0,1,2,1,1,1,1,1
38510,69,0.000003,92,0,254,0,0,0,2,0,0,0,46,0,0,0,0,0,0.003,0,0,0,0,0,2,0,0,0,2,2,2,1,1,1,1
32910,1813,0.000011,172,0,254,0,0,0,2,0,0,0,86,0,0,0,0,0,0.011,0,0,0,0,0,2,0,0,0,3,2,1,1,1,1,1
3557,80,0.326838,2634,20574,62,252,3,9,14,22,255,255,188,935,0,0,1305.882964,1294.930766,25.141385,15.22919,0.050213,0.006182,0.044031,0,1,0,0,0,2,1,1,1,1,1,1
64670,80,0.310789,1784,5024,62,252,3,3,12,10,255,255,149,502,0,0,1492.174569,52.195316,28.253545,33.265332,0.061184,0.007135,0.054049,0,1,0,0,0,1,1,1,1,1,1,1
9337,69,0.000009,96,0,254,0,0,0,2,0,0,0,48,0,0,0,0,0,0.009,0,0,0,0,0,2,0,0,0,1,1,1,1,1,1,1
10140,5060,0.000013,1308,0,254,0,0,0,2,0,0,0,654,0,0,0,0,0,0.013,0,0,0,0,0,2,0,0,0,2,1,1,1,1,1,1
55119,2401,0.231378,1382,5392,254,252,2,3,10,10,255,255,138,539,0,0,1371.351521,1708.674708,25.708667,23.502556,0.052836,0.006966,0.04587,0,1,0,0,0,2,1,1,1,1,1,1
55652,80,0.272017,1022,1908,62,252,2,2,10,8,255,255,102,239,0,0,1512.489171,53.759883,30.224111,37.57143,0.057496,0.00807,0.049426,0,1,0,0,0,3,1,1,1,1,1,1
30024,1339,0.411341,620,354,254,252,2,1,10,8,255,255,62,44,0,0,3055.403972,110.979422,45.704556,49.43157,0.120548,0.055497,0.065051,0,1,0,0,0,3,2,2,2,1,1,2
33668,111,0.220571,564,412,254,252,2,2,10,8,255,255,56,52,0,0,1330.136018,52.583211,24.507889,29.54,0.051439,0.006869,0.04457,0,1,0,0,0,3,2,2,2,1,1,2
57079,80,0.254793,462,910,254,252,0,1,8,6,255,255,58,152,0,0,43.585895,28.884572,36.399,23.5554,0,0,0,0,1,0,0,0,1,1,1,1,1,1,1
35653,80,0.297496,1764,4692,62,252,3,4,12,12,255,255,147,391,0,0,1414.460898,1813.537069,27.045091,25.879636,0.063079,0.006741,0.056338,0,1,0,0,0,1,2,1,1,1,1,1
59041,6504,0.448422,1900,468,254,252,3,2,12,8,255,255,158,59,0,0,2537.401282,123.734484,39.492183,63.128,0.076195,0.006515,0.06968,0,1,0,0,0,4,1,1,1,1,1,1
11956,25,0.886715,8504,1896,254,252,9,8,24,20,255,255,354,95,0,0,2020.718513,49.089379,38.552826,44.395156,0.093064,0.042578,0.050486,0,1,0,0,0,2,1,1,2,1,1,1
64383,143,1.191301,1070,684,254,252,3,3,12,10,255,255,89,68,0,0,6953.367541,201.426437,108.300091,117.007555,0.1379,0.06966,0.06824,0,1,0,0,0,1,1,1,1,1,1,1
24757,110,0.691834,2510,576,254,252,2,2,10,8,255,255,251,72,0,0,4754.376009,151.216844,71.770667,92.17657,0.108075,0.046587,0.061488,0,1,0,0,0,1,1,1,1,1,1,1
10723,1111,0.273957,453,268,254,252,2,1,10,6,255,255,45,45,0,0,1397.207196,74.546766,27.375889,50.032,0.077917,0.023786,0.054131,0,1,0,0,0,2,1,1,1,1,1,1
64610,8080,0.418539,1514,1554,254,252,3,3,12,10,255,255,126,155,0,0,1938.324333,56.550754,38.049,45.301445,0.057848,0.010107,0.047741,0,1,0,0,0,2,3,1,1,1,1,1
27956,80,0.202759,2492,268,254,252,2,1,10,6,255,255,249,45,0,0,1070.512482,59.622516,20.376222,37.384,0.06244,0.015828,0.046612,0,1,0,0,0,2,1,1,1,1,1,1
22148,5060,0.000005,1334,0,254,0,0,0,2,0,0,0,667,0,0,0,0,0,0.005,0,0,0,0,0,2,0,0,0,2,1,1,1,1,1,1
31032,5060,0.000009,1296,0,254,0,0,0,2,0,0,0,648,0,0,0,0,0,0.009,0,0,0,0,0,2,0,0,0,3,1,1,1,1,1,1
13394,80,0.241646,1120,22518,62,252,2,9,12,22,255,255,93,1024,0,0,1141.735173,1179.905476,21.967819,11.15262,0.051989,0.006413,0.045576,0,1,0,0,0,1,2,1,1,1,1,1
15764,80,0.216048,990,2038,62,252,2,2,10,8,255,255,99,255,0,0,1314.227688,44.807879,24.005333,28.037572,0.030329,0.017012,0.013317,0,1,0,0,0,3,2,2,2,2,1,2
32751,80,8.231829,8900,1601693,62,252,2,535,190,1163,255,255,47,1377,0,0,2806.671683,1076.273626,43.554652,7.057157,0.045289,0.017187,0.028102,0,1,0,0,0,3,2,2,2,2,1,2
18606,69,0.000005,1104,0,254,0,0,0,2,0,0,0,552,0,0,0,0,0,0.005,0,0,0,0,0,2,0,0,0,2,2,1,1,1,1,1
59953,69,0.000005,1104,0,254,0,0,0,2,0,0,0,552,0,0,0,0,0,0.005,0,0,0,0,0,2,0,0,0,2,1,1,2,1,1,1
38535,21,0.824394,1054,1344,254,252,7,8,20,20,255,255,53,67,0,0,2029.778459,46.940516,43.335262,42.801578,0.054633,0.01116,0.043473,0,1,0,0,0,2,1,1,1,1,1,1
47711,6504,0.610128,908,554,254,252,3,2,12,10,255,255,76,55,0,0,3563.377717,115.584891,53.177092,64.632668,0.094727,0.028422,0.066305,0,1,0,0,0,1,1,1,1,1,1,1
63132,80,0.346236,1224,15268,62,252,2,6,10,16,255,255,122,954,0,0,1941.309766,1453.907124,38.364222,18.761467,0.117633,0.064802,0.052831,0,1,0,0,0,4,1,1,2,1,1,1
8603,25,1.395466,19884,1924,254,252,13,8,32,22,255,255,621,87,0,0,2774.280238,80.679219,45.015031,62.566906,0.211129,0.080955,0.130174,0,1,0,0,0,2,1,1,1,1,1,1
47671,111,1.427211,564,354,254,252,2,1,10,8,255,255,56,44,0,0,9485.346752,252.040469,156.544333,169.755719,0.354719,0.238913,0.115806,0,1,0,0,0,1,1,1,1,1,1,1
18535,80,0.629475,854,268,254,252,2,1,10,6,255,255,85,45,0,0,3963.704234,203.011063,66.984889,115.162602,0.166248,0.053658,0.11259,0,1,0,0,0,7,1,1,2,2,1,1
60344,111,1.083677,564,354,254,252,2,1,10,8,255,255,56,44,0,0,7014.434162,244.978172,120.301889,146.9,0.10272,0.055366,0.047354,0,1,0,0,0,1,1,1,1,1,1,1
62473,111,1.51583,564,354,254,252,2,1,10,8,255,255,56,44,0,0,9984.047809,298.931875,168.425556,204.511422,0.122554,0.083583,0.038971,0,1,0,0,0,2,1,1,1,1,1,1
38018,111,1.202808,564,354,254,252,2,1,10,8,255,255,56,44,0,0,7656.381303,267.637406,133.645333,157.79,0.106775,0.06079,0.045985,0,1,0,0,0,2,2,2,1,1,1,1
16652,111,0.000005,168,0,254,0,0,0,2,0,0,0,84,0,0,0,0,0,0.005,0,0,0,0,0,2,0,0,0,1,1,1,4,1,1,1
37035,111,0.977902,564,354,254,252,2,1,10,8,255,255,56,44,0,0,6677.367785,193.423391,108.655778,127.578711,0.158659,0.084304,0.074355,0,1,0,0,0,1,1,1,1,1,1,1
12005,111,0.000011,168,0,254,0,0,0,2,0,0,0,84,0,0,0,0,0,0.011,0,0,0,0,0,2,0,0,0,2,6,3,2,1,1,2
57365,111,0.872942,564,354,254,252,2,1,10,8,255,255,56,44,0,0,7246.173662,176.475281,96.993556,116.172711,0.102454,0.059162,0.043292,0,1,0,0,0,2,1,1,1,1,1,1
13257,111,1.447914,564,354,254,252,2,1,10,8,255,255,56,44,0,0,10269.11197,294.023844,159.314889,195.599422,0.117364,0.078706,0.038658,0,1,0,0,0,1,1,1,1,1,1,1
3043,80,0.513504,828,268,254,252,2,1,10,6,255,255,83,45,0,0,2873.049633,131.562641,56.956444,88.944602,0.114259,0.068773,0.045486,0,1,0,0,0,3,1,1,1,1,1,1
63156,111,0.000002,168,0,254,0,0,0,2,0,0,0,84,0,0,0,0,0,0.002,0,0,0,0,0,2,0,0,0,1,1,1,1,1,1,1
16683,111,0.925391,564,354,254,252,2,1,10,8,255,255,56,44,0,0,6166.331691,171.521813,95.606889,121.92543,0.139989,0.071909,0.06808,0,1,0,0,0,7,6,1,1,1,1,1
0,0,0.746085,632,496,254,60,0,0,4,2,0,0,158,248,0,0,351.701469,0,248.695,0.006,0,0,0,0,3,0,0,0,3,3,3,2,2,2,2
0,0,0.746085,632,496,254,60,0,0,4,2,0,0,158,248,0,0,351.701469,0,248.695,0.006,0,0,0,0,3,0,0,0,3,3,3,2,2,2,2
18567,111,1.423479,564,354,254,252,2,1,10,8,255,255,56,44,0,0,9445.903816,271.162937,151.120333,191.655578,0.118334,0.081886,0.036448,0,1,0,0,0,1,2,1,1,1,1,1
56085,111,0.000011,168,0,254,0,0,0,2,0,0,0,84,0,0,0,0,0,0.011,0,0,0,0,0,2,0,0,0,4,1,1,2,1,1,1
49024,111,0.000011,168,0,254,0,0,0,2,0,0,0,84,0,0,0,0,0,0.011,0,0,0,0,0,2,0,0,0,2,1,1,1,1,1,1
25402,111,0.000012,168,0,254,0,0,0,2,0,0,0,84,0,0,0,0,0,0.012,0,0,0,0,0,2,0,0,0,2,1,1,1,1,1,1
55274,80,0.745215,838,268,254,252,2,1,10,6,255,255,84,45,0,0,4395.738797,242.056359,80.814444,135.470203,0.171184,0.067857,0.103327,0,1,0,0,0,3,1,1,1,1,1,1
12958,111,1.533889,564,354,254,252,2,1,10,8,255,255,56,44,0,0,9745.898024,280.942406,160.984333,209.364281,0.121763,0.068328,0.053435,0,1,0,0,0,6,1,1,2,1,1,1
40778,80,0.795858,874,268,254,252,2,1,10,6,255,255,87,45,0,0,5229.577237,228.249172,84.862889,134.943594,0.171058,0.121129,0.049929,0,1,0,0,0,6,1,1,2,2,1,1
48818,111,1.35116,564,354,254,252,2,1,10,8,255,255,56,44,0,0,8865.133201,265.982937,150.128889,181.724,0.183015,0.078287,0.104728,0,1,0,0,0,1,2,1,1,1,1,1
29206,111,0.946813,564,354,254,252,2,1,10,8,255,255,56,44,0,0,6922.630665,182.914656,105.201444,124.022141,0.159096,0.078091,0.081005,0,1,0,0,0,2,1,1,2,2,1,1
38332,111,0.000011,168,0,254,0,0,0,2,0,0,0,84,0,0,0,0,0,0.011,0,0,0,0,0,2,0,0,0,2,1,1,2,2,1,1
49535,111,0.000011,168,0,254,0,0,0,2,0,0,0,84,0,0,0,0,0,0.011,0,0,0,0,0,2,0,0,0,5,2,1,2,1,1,1
2733,111,0.000012,168,0,254,0,0,0,2,0,0,0,84,0,0,0,0,0,0.012,0,0,0,0,0,2,0,0,0,2,1,1,6,1,1,1
57900,111,0.000007,168,0,254,0,0,0,2,0,0,0,84,0,0,0,0,0,0.007,0,0,0,0,0,2,0,0,0,5,1,1,2,1,1,1
19430,111,0.000014,168,0,254,0,0,0,2,0,0,0,84,0,0,0,0,0,0.014,0,0,0,0,0,2,0,0,0,2,1,1,2,1,1,1
23310,111,0.000008,168,0,254,0,0,0,2,0,0,0,84,0,0,0,0,0,0.008,0,0,0,0,0,2,0,0,0,8,1,1,2,1,1,1
26141,111,0.930087,564,354,254,252,2,1,10,8,255,255,56,44,0,0,6388.847217,172.319969,93.982222,126.004,0.123325,0.048051,0.075274,0,1,0,0,0,4,1,1,2,1,1,1
30810,111,1.012631,564,354,254,252,2,1,10,8,255,255,56,44,0,0,7314.880407,175.062109,112.514556,122.51657,0.164228,0.086393,0.077835,0,1,0,0,0,1,1,1,1,1,1,1
28530,80,0.944209,882,268,254,252,2,1,10,6,255,255,88,45,0,0,5453.833683,272.175937,104.797111,177.132594,0.114992,0.058536,0.056456,0,1,0,0,0,4,1,1,2,2,1,1
23918,111,0.95136,564,354,254,252,2,1,10,8,255,255,56,44,0,0,6938.356462,175.338906,105.706667,115.835289,0.171829,0.096056,0.075773,0,1,0,0,0,3,1,1,1,1,1,1
60933,111,1.537748,564,354,254,252,2,1,10,8,255,255,56,44,0,0,10846.99854,296.29975,169.005111,202.268141,0.250309,0.121867,0.128442,0,1,0,0,0,4,1,1,1,1,1,1
30055,80,0.984805,804,354,254,252,2,1,10,8,255,255,80,44,0,0,5926.658672,249.651719,109.422778,127.705289,0.132543,0.090244,0.042299,0,1,0,0,0,5,1,1,2,2,1,1
45748,111,0.000011,168,0,254,0,0,0,2,0,0,0,84,0,0,0,0,0,0.011,0,0,0,0,0,2,0,0,0,1,6,3,1,1,1,1
15746,111,1.129483,564,354,254,252,2,1,10,8,255,255,56,44,0,0,8371.257629,221.194031,125.498111,151.835422,0.144236,0.065969,0.078267,0,1,0,0,0,5,1,1,2,1,1,1
56242,111,0.000011,168,0,254,0,0,0,2,0,0,0,84,0,0,0,0,0,0.011,0,0,0,0,0,2,0,0,0,1,1,1,1,1,1,1
1166,111,0.00001,168,0,254,0,0,0,2,0,0,0,84,0,0,0,0,0,0.01,0,0,0,0,0,2,0,0,0,4,1,1,2,1,1,1
28339,111,0.000007,168,0,254,0,0,0,2,0,0,0,84,0,0,0,0,0,0.007,0,0,0,0,0,2,0,0,0,1,6,3,1,1,1,1
24382,111,0.000007,168,0,254,0,0,0,2,0,0,0,84,0,0,0,0,0,0.007,0,0,0,0,0,2,0,0,0,4,1,1,2,1,1,1
57318,111,1.072119,564,354,254,252,2,1,10,8,255,255,56,44,0,0,7956.520617,210.284984,119.124333,142.991859,0.13837,0.070868,0.067502,0,1,0,0,0,4,1,1,1,1,1,1
8218,111,0.000011,168,0,254,0,0,0,2,0,0,0,84,0,0,0,0,0,0.011,0,0,0,0,0,2,0,0,0,8,3,1,2,1,1,1
40222,111,2.053591,564,354,254,252,2,1,10,8,255,255,56,44,0,0,16918.19811,455.478219,224.642222,278.561562,0.166179,0.103656,0.062523,0,1,0,0,0,4,1,1,3,1,1,1
54619,111,1.331538,564,354,254,252,2,1,10,8,255,255,56,44,0,0,9664.634712,244.460406,147.839111,170.610141,0.247676,0.137256,0.11042,0,1,0,0,0,6,4,4,2,1,1,1
43070,111,1.399123,564,354,254,252,2,1,10,8,255,255,56,44,0,0,10450.90469,274.352906,153.859778,190.623859,0.122057,0.064741,0.057316,0,1,0,0,0,11,4,1,2,1,1,1
10741,111,1.124443,564,354,254,252,2,1,10,8,255,255,56,44,0,0,7533.184395,217.345828,124.938111,146.684141,0.150467,0.096979,0.053488,0,1,0,0,0,3,5,1,5,1,1,1
56711,111,1.370847,564,354,254,252,2,1,10,8,255,255,56,44,0,0,8397.720075,282.19425,147.463444,182.429141,0.190046,0.093835,0.096211,0,1,0,0,0,1,1,1,1,1,1,1
51730,111,1.015126,564,354,254,252,2,1,10,8,255,255,56,44,0,0,7408.435035,169.590875,106.115111,132.540281,0.132683,0.087334,0.045349,0,1,0,0,0,11,1,1,4,1,1,1
39902,111,0.00001,168,0,254,0,0,0,2,0,0,0,84,0,0,0,0,0,0.01,0,0,0,0,0,2,0,0,0,8,1,1,3,1,1,1
4187,111,1.058833,564,354,254,252,2,1,10,8,255,255,56,44,0,0,6773.952012,198.003359,110.876778,140.259141,0.150801,0.077008,0.073793,0,1,0,0,0,3,3,1,1,1,1,1
12999,111,0.000011,168,0,254,0,0,0,2,0,0,0,84,0,0,0,0,0,0.011,0,0,0,0,0,2,0,0,0,9,1,1,3,1,1,1
17369,111,0.00001,168,0,254,0,0,0,2,0,0,0,84,0,0,0,0,0,0.01,0,0,0,0,0,2,0,0,0,5,2,2,3,1,1,2
61509,111,0.000006,168,0,254,0,0,0,2,0,0,0,84,0,0,0,0,0,0.006,0,0,0,0,0,2,0,0,0,7,2,2,2,1,1,1
5587,111,0.000002,168,0,254,0,0,0,2,0,0,0,84,0,0,0,0,0,0.002,0,0,0,0,0,2,0,0,0,1,9,4,1,1,1,1
46036,111,1.059124,564,354,254,252,2,1,10,8,255,255,56,44,0,0,7339.732875,211.001016,115.819222,142.607281,0.130429,0.06087,0.069559,0,1,0,0,0,17,1,1,7,1,1,1
42432,111,1.198776,564,354,254,252,2,1,10,8,255,255,56,44,0,0,8251.737053,214.846266,125.839889,161.237719,0.145801,0.070108,0.075693,0,1,0,0,0,5,1,1,2,1,1,1
22319,111,0.000003,168,0,254,0,0,0,2,0,0,0,84,0,0,0,0,0,0.003,0,0,0,0,0,2,0,0,0,5,6,5,2,1,1,1
28574,80,1.121021,838,354,254,252,2,1,10,8,255,255,84,44,0,0,6977.162412,250.948656,124.557889,142.683,0.166197,0.107102,0.059095,0,1,0,0,0,3,2,1,4,1,1,1
46195,111,0.000007,168,0,254,0,0,0,2,0,0,0,84,0,0,0,0,0,0.007,0,0,0,0,0,2,0,0,0,14,1,1,4,1,1,1
1353,111,0.000011,168,0,254,0,0,0,2,0,0,0,84,0,0,0,0,0,0.011,0,0,0,0,0,2,0,0,0,4,4,5,1,1,1,1
33289,111,0.00001,168,0,254,0,0,0,2,0,0,0,84,0,0,0,0,0,0.01,0,0,0,0,0,2,0,0,0,1,3,1,1,1,1,1
36441,111,2.396212,564,354,254,252,2,1,10,8,255,255,56,44,0,0,20719.71664,554.974875,266.245778,319.483,0.212393,0.090557,0.121836,0,1,0,0,0,1,2,1,1,1,1,1
32565,111,0.000004,168,0,254,0,0,0,2,0,0,0,84,0,0,0,0,0,0.004,0,0,0,0,0,2,0,0,0,9,1,1,3,1,1,1
28517,80,1.715492,978,354,254,252,2,1,10,8,255,255,98,44,0,0,11148.23929,360.138937,186.337333,229.296,0.177792,0.11041,0.067382,0,1,0,0,0,3,1,1,1,1,1,1
35292,111,0.000007,168,0,254,0,0,0,2,0,0,0,84,0,0,0,0,0,0.007,0,0,0,0,0,2,0,0,0,5,1,1,3,1,1,1
18634,111,1.996668,564,354,254,252,2,1,10,8,255,255,56,44,0,0,12810.06045,453.900219,221.852,271.966719,0.194745,0.092226,0.102519,0,1,0,0,0,1,14,3,1,1,1,1
49786,111,0.000011,168,0,254,0,0,0,2,0,0,0,84,0,0,0,0,0,0.011,0,0,0,0,0,2,0,0,0,2,1,1,1,1,1,1
5036,111,1.013901,564,354,254,252,2,1,10,8,255,255,56,44,0,0,7517.866016,179.013375,108.951,137.410422,0.132326,0.052018,0.080308,0,1,0,0,0,16,1,1,3,1,1,1
24337,111,1.579064,564,354,254,252,2,1,10,8,255,255,56,44,0,0,13263.99915,331.859469,175.330111,209.417,0.174373,0.113135,0.061238,0,1,0,0,0,9,1,1,3,1,1,1
63427,111,1.583212,564,354,254,252,2,1,10,8,255,255,56,44,0,0,10760.73783,323.078531,175.912444,212.153422,0.135283,0.097382,0.037901,0,1,0,0,0,9,1,1,3,1,1,1
52831,111,1.264538,564,354,254,252,2,1,10,8,255,255,56,44,0,0,9530.54768,214.457516,130.240111,163.094578,0.211353,0.122872,0.088481,0,1,0,0,0,3,6,1,1,1,1,1
31391,111,0.997497,564,354,254,252,2,1,10,8,255,255,56,44,0,0,6896.78137,188.140562,107.443667,131.760141,0.139551,0.075168,0.064383,0,1,0,0,0,17,1,1,5,1,1,1
1099,111,0.000011,168,0,254,0,0,0,2,0,0,0,84,0,0,0,0,0,0.011,0,0,0,0,0,2,0,0,0,14,1,1,5,1,1,1
52144,111,1.070962,564,354,254,252,2,1,10,8,255,255,56,44,0,0,8096.744771,196.231828,118.995778,140.451,0.149725,0.053643,0.096082,0,1,0,0,0,4,3,1,1,1,1,1
5672,111,0.00001,168,0,254,0,0,0,2,0,0,0,84,0,0,0,0,0,0.01,0,0,0,0,0,2,0,0,0,3,1,1,2,1,1,1
26977,111,1.63926,564,354,254,252,2,1,10,8,255,255,56,44,0,0,13080.16382,341.868625,179.865333,227.853141,0.124942,0.044286,0.080656,0,1,0,0,0,18,1,1,11,1,1,1
22708,111,0.904052,564,354,254,252,2,1,10,8,255,255,56,44,0,0,6860.897248,168.765031,97.673556,120.317,0.130418,0.061826,0.068592,0,1,0,0,0,3,1,1,1,1,1,1
25910,111,0.00001,168,0,254,0,0,0,2,0,0,0,84,0,0,0,0,0,0.01,0,0,0,0,0,2,0,0,0,2,1,1,1,1,1,1
5631,111,0.000007,168,0,254,0,0,0,2,0,0,0,84,0,0,0,0,0,0.007,0,0,0,0,0,2,0,0,0,1,1,1,1,1,1,1
64679,111,0.000011,168,0,254,0,0,0,2,0,0,0,84,0,0,0,0,0,0.011,0,0,0,0,0,2,0,0,0,2,7,2,1,1,1,1
22316,111,2.847664,564,354,254,252,2,1,10,8,255,255,56,44,0,0,23408.59289,646.108187,316.407111,386.278437,0.213555,0.143014,0.070541,0,1,0,0,0,2,2,1,1,1,1,1
43357,111,1.689316,564,354,254,252,2,1,10,8,255,255,56,44,0,0,13571.75293,345.281406,186.407444,222.044141,0.174429,0.134997,0.039432,0,1,0,0,0,3,2,1,2,1,1,1
35950,80,6.704825,870,354,254,252,2,1,10,8,255,255,87,44,0,0,48612.40922,1464.89825,744.980556,940.515688,0.207352,0.119887,0.087465,0,1,0,0,0,4,1,1,2,1,1,1
62138,111,0.000011,168,0,254,0,0,0,2,0,0,0,84,0,0,0,0,0,0.011,0,0,0,0,0,2,0,0,0,2,5,2,2,1,1,2
37130,111,1.214957,564,354,254,252,2,1,10,8,255,255,56,44,0,0,8669.661855,239.290391,130.876111,163.253719,0.126511,0.072167,0.054344,0,1,0,0,0,5,1,1,2,1,1,1
16281,80,1.149371,936,354,254,252,2,1,10,8,255,255,94,44,0,0,7779.18415,238.806234,127.697444,157.666719,0.114039,0.045693,0.068346,0,1,0,0,0,4,2,2,2,2,1,2
64747,111,1.864725,564,354,254,252,2,1,10,8,255,255,56,44,0,0,12377.20802,372.1905,199.287778,254.705578,0.233258,0.081785,0.151473,0,1,0,0,0,5,2,1,3,1,1,1
60507,161,0.000003,138,0,254,0,0,0,2,0,0,0,69,0,0,0,0,0,0.003,0,0,0,0,0,2,0,0,0,10,8,3,3,1,1,1
16320,111,1.76064,564,354,254,252,2,1,10,8,255,255,56,44,0,0,13670.02244,370.384406,195.626667,237.722719,0.150108,0.076534,0.073574,0,1,0,0,0,10,3,1,2,1,1,1
45450,111,0.000001,168,0,254,0,0,0,2,0,0,0,84,0,0,0,0,0,0.001,0,0,0,0,0,2,0,0,0,3,5,2,2,1,1,1
61179,111,0.000004,168,0,254,0,0,0,2,0,0,0,84,0,0,0,0,0,0.004,0,0,0,0,0,2,0,0,0,2,2,1,1,1,1,1
19619,111,1.849092,564,354,254,252,2,1,10,8,255,255,56,44,0,0,13956.51729,374.782219,202.756,251.314719,0.157799,0.089883,0.067916,0,1,0,0,0,2,1,1,1,1,1,1
62566,80,1.048518,816,354,254,252,2,1,10,8,255,255,82,44,0,0,6596.593025,244.290516,112.489889,137.001859,0.169571,0.089494,0.080077,0,1,0,0,0,4,1,1,2,1,1,1
17336,80,0.747827,806,268,254,252,2,1,10,6,255,255,81,45,0,0,3536.184255,173.656859,66.898444,134.052406,0.1399,0.077554,0.062346,0,1,0,0,0,4,2,1,1,1,1,1
20040,111,0.000011,168,0,254,0,0,0,2,0,0,0,84,0,0,0,0,0,0.011,0,0,0,0,0,2,0,0,0,2,1,1,1,1,1,1
40404,111,1.013515,564,354,254,252,2,1,10,8,255,255,56,44,0,0,8069.91799,177.633984,109.705556,132.485,0.133234,0.08611,0.047124,0,1,0,0,0,1,2,1,1,1,1,1
8749,111,0.000003,168,0,254,0,0,0,2,0,0,0,84,0,0,0,0,0,0.003,0,0,0,0,0,2,0,0,0,6,1,1,2,1,1,1
56546,111,1.397186,564,354,254,252,2,1,10,8,255,255,56,44,0,0,8964.147052,291.545125,155.096,185.199141,0.253823,0.100781,0.153042,0,1,0,0,0,5,1,1,2,2,1,1
21383,111,1.053897,564,354,254,252,2,1,10,8,255,255,56,44,0,0,7307.597897,177.610969,117.099667,134.38,0.217884,0.11241,0.105474,0,1,0,0,0,5,1,1,2,2,1,1
6188,111,0.000002,168,0,254,0,0,0,2,0,0,0,84,0,0,0,0,0,0.002,0,0,0,0,0,2,0,0,0,8,1,1,2,1,1,1
21743,111,0.900689,564,354,254,252,2,1,10,8,255,255,56,44,0,0,6849.634282,160.135734,96.812889,119.14143,0.137507,0.066698,0.070809,0,1,0,0,0,7,2,1,2,1,1,1
63683,111,1.70696,564,354,254,252,2,1,10,8,255,255,56,44,0,0,12128.01892,337.126125,189.662222,230.45,0.157854,0.077942,0.079912,0,1,0,0,0,6,1,1,2,1,1,1
56422,80,1.229612,828,354,254,252,2,1,10,8,255,255,83,44,0,0,7655.687716,297.355594,134.706667,160.31,0.190587,0.107437,0.08315,0,1,0,0,0,6,2,1,1,1,1,1
32684,111,1.318294,564,354,254,252,2,1,10,8,255,255,56,44,0,0,8785.106656,223.495328,140.99,167.825719,0.274691,0.143504,0.131187,0,1,0,0,0,4,1,1,1,1,1,1
3938,111,0.000004,168,0,254,0,0,0,2,0,0,0,84,0,0,0,0,0,0.004,0,0,0,0,0,2,0,0,0,5,1,1,3,1,1,1
53342,111,0.000002,168,0,254,0,0,0,2,0,0,0,84,0,0,0,0,0,0.002,0,0,0,0,0,2,0,0,0,3,6,2,1,1,1,1
0,0,0.000002,104,0,254,0,0,0,2,0,0,0,52,0,0,0,0,0,0.002,0,0,0,0,0,2,0,0,0,2,2,2,2,2,2,2
0,0,0.000002,104,0,254,0,0,0,2,0,0,0,52,0,0,0,0,0,0.002,0,0,0,0,0,2,0,0,0,2,2,2,2,2,2,2
50452,111,1.372251,564,354,254,252,2,1,10,8,255,255,56,44,0,0,8507.03357,249.077063,146.971111,173.217859,0.245065,0.159717,0.085348,0,1,0,0,0,3,2,1,1,1,1,1
15966,111,1.137931,564,354,254,252,2,1,10,8,255,255,56,44,0,0,8174.602466,200.881922,122.051222,143.978578,0.235212,0.130074,0.105138,0,1,0,0,0,3,1,1,1,1,1,1
46619,111,0.000011,168,0,254,0,0,0,2,0,0,0,84,0,0,0,0,0,0.011,0,0,0,0,0,2,0,0,0,4,2,1,2,1,1,1
0,0,23.524111,1280,0,254,0,0,0,20,0,0,0,64,0,0,0,1549.389875,0,1238.111125,0,0,0,0,0,2,0,0,0,6,2,2,2,2,2,2
0,0,23.524111,1280,0,254,0,0,0,20,0,0,0,64,0,0,0,1549.389875,0,1238.111125,0,0,0,0,0,2,0,0,0,6,2,2,2,2,2,2
0,0,23.524111,1280,0,254,0,0,0,20,0,0,0,64,0,0,0,1549.389875,0,1238.111125,0,0,0,0,0,2,0,0,0,6,2,2,2,2,2,2
0,0,23.524111,1280,0,254,0,0,0,20,0,0,0,64,0,0,0,1549.389875,0,1238.111125,0,0,0,0,0,2,0,0,0,6,2,2,2,2,2,2
6512,111,0.000004,168,0,254,0,0,0,2,0,0,0,84,0,0,0,0,0,0.004,0,0,0,0,0,2,0,0,0,2,4,2,1,1,1,1
55035,111,0.000007,168,0,254,0,0,0,2,0,0,0,84,0,0,0,0,0,0.007,0,0,0,0,0,2,0,0,0,3,3,2,3,1,1,2
55194,80,2.05138,914,354,254,252,2,1,10,8,255,255,91,44,0,0,16167.62023,415.3825,222.927556,277.110719,0.221134,0.111601,0.109533,0,1,0,0,0,3,1,1,2,1,1,1
54841,111,1.966925,564,354,254,252,2,1,10,8,255,255,56,44,0,0,12587.2585,435.100719,215.239,265.126156,0.211335,0.111031,0.100304,0,1,0,0,0,7,2,1,2,2,1,1
46260,111,1.386029,564,354,254,252,2,1,10,8,255,255,56,44,0,0,8823.439927,279.466563,146.378667,185.755719,0.195023,0.085736,0.109287,0,1,0,0,0,7,3,2,2,2,1,1
20152,111,1.388442,564,354,254,252,2,1,10,8,255,255,56,44,0,0,9098.304033,273.226938,154.271333,187.774,0.17312,0.073146,0.099974,0,1,0,0,0,1,2,1,1,1,1,1
46564,111,0.000011,168,0,254,0,0,0,2,0,0,0,84,0,0,0,0,0,0.011,0,0,0,0,0,2,0,0,0,7,1,1,1,1,1,1
64190,111,1.842606,564,354,254,252,2,1,10,8,255,255,56,44,0,0,13193.21169,367.509313,204.734,246.675422,0.195992,0.079795,0.116197,0,1,0,0,0,2,2,1,1,1,1,1
1819,111,0.928423,564,354,254,252,2,1,10,8,255,255,56,44,0,0,6401.739122,163.424016,103.158111,114.967141,0.182724,0.122713,0.060011,0,1,0,0,0,3,1,1,1,1,1,1
16830,80,0.428193,902,268,254,252,2,1,10,6,255,255,90,45,0,0,2309.349899,114.197078,46.115444,74.974,0.094538,0.053312,0.041226,0,1,0,0,0,2,1,1,1,1,1,1
55942,111,1.343152,564,354,254,252,2,1,10,8,255,255,56,44,0,0,8508.078561,264.164062,144.223889,180.018422,0.13399,0.083017,0.050973,0,1,0,0,0,10,1,1,3,1,1,1
47786,80,0.799888,924,354,254,252,2,1,10,8,255,255,92,44,0,0,5000.916602,179.862234,86.980778,102.195711,0.143478,0.084511,0.058967,0,1,0,0,0,1,3,1,1,1,1,1
60528,111,1.830773,564,354,254,252,2,1,10,8,255,255,56,44,0,0,12852.95413,378.340469,198.867778,252.099859,0.131984,0.066063,0.065921,0,1,0,0,0,3,1,1,3,1,1,1
39075,111,0.000004,168,0,254,0,0,0,2,0,0,0,84,0,0,0,0,0,0.004,0,0,0,0,0,2,0,0,0,9,5,5,2,1,1,2
26991,111,1.993595,564,354,254,252,2,1,10,8,255,255,56,44,0,0,12556.10387,419.802531,221.510556,269.920156,0.204435,0.103369,0.101066,0,1,0,0,0,1,6,3,1,1,1,1
1885,111,0.000017,168,0,254,0,0,0,2,0,0,0,84,0,0,0,0,0,0.017,0,0,0,0,0,2,0,0,0,3,4,2,1,1,1,1
54793,111,0.000008,168,0,254,0,0,0,2,0,0,0,84,0,0,0,0,0,0.008,0,0,0,0,0,2,0,0,0,2,2,2,2,1,1,2
4837,111,7.092259,564,354,254,252,2,1,10,8,255,255,56,44,0,0,65800.79791,2027.325375,787.913556,990.624,0.270411,0.157879,0.112532,0,1,0,0,0,2,1,1,1,1,1,1
18662,111,0.000017,168,0,254,0,0,0,2,0,0,0,84,0,0,0,0,0,0.017,0,0,0,0,0,2,0,0,0,2,1,1,2,1,1,1
40331,111,0.956801,564,354,254,252,2,1,10,8,255,255,56,44,0,0,6487.633325,194.874641,104.384222,126.15457,0.140526,0.073713,0.066813,0,1,0,0,0,6,1,1,2,1,1,1
53932,111,1.809336,564,354,254,252,2,1,10,8,255,255,56,44,0,0,11989.36127,426.257344,198.400778,244.559859,0.156503,0.097407,0.059096,0,1,0,0,0,1,1,1,1,1,1,1
47419,80,5.624674,808,354,254,252,2,1,10,8,255,255,81,44,0,0,39274.80589,1219.813375,624.953778,776.626437,0.300359,0.188273,0.112086,0,1,0,0,0,2,2,1,1,1,1,1
40963,111,0.906234,564,354,254,252,2,1,10,8,255,255,56,44,0,0,6334.275573,170.071703,97.761333,116.619711,0.183288,0.089873,0.093415,0,1,0,0,0,1,1,1,1,1,1,1
30305,111,2.340398,564,354,254,252,2,1,10,8,255,255,56,44,0,0,17617.48769,502.679625,260.044222,326.642844,0.134371,0.053211,0.08116,0,1,0,0,0,7,1,1,2,1,1,1
55793,111,0.000014,168,0,254,0,0,0,2,0,0,0,84,0,0,0,0,0,0.014,0,0,0,0,0,2,0,0,0,3,1,1,1,1,1,1
31802,111,0.000008,168,0,254,0,0,0,2,0,0,0,84,0,0,0,0,0,0.008,0,0,0,0,0,2,0,0,0,1,3,3,1,1,1,1
58302,111,0.000017,168,0,254,0,0,0,2,0,0,0,84,0,0,0,0,0,0.017,0,0,0,0,0,2,0,0,0,8,1,1,3,1,1,1
24497,111,0.00001,168,0,254,0,0,0,2,0,0,0,84,0,0,0,0,0,0.01,0,0,0,0,0,2,0,0,0,7,2,1,2,1,1,1
60832,80,1.745795,621,354,254,252,1,1,9,8,255,255,69,44,0,0,12725.22941,334.817094,213.623627,236.304859,0.207563,0.091644,0.115919,0,1,0,0,0,4,1,1,1,1,1,1
11601,111,1.479008,564,354,254,252,2,1,10,8,255,255,56,44,0,0,10334.60936,248.442219,164.221333,189.732578,0.258886,0.150869,0.108017,0,1,0,0,0,1,1,1,1,1,1,1
20161,111,0.000021,168,0,254,0,0,0,2,0,0,0,84,0,0,0,0,0,0.021,0,0,0,0,0,2,0,0,0,7,3,2,1,1,1,1
38877,80,0.69586,890,268,254,252,2,1,10,6,255,255,89,45,0,0,3915.872537,201.761844,77.317778,122.287398,0.129506,0.084036,0.04547,0,1,0,0,0,2,1,1,2,1,1,1
46892,80,1.218732,948,354,254,252,2,1,10,8,255,255,95,44,0,0,7678.728756,250.426344,129.764,166.181141,0.151797,0.05546,0.096337,0,1,0,0,0,5,2,2,2,1,1,1
48970,80,1.633941,890,354,254,252,2,1,10,8,255,255,89,44,0,0,10401.47022,393.541125,181.402222,219.551,0.187766,0.097078,0.090688,0,1,0,0,0,4,2,1,2,1,1,1
18218,111,0.000007,168,0,254,0,0,0,2,0,0,0,84,0,0,0,0,0,0.007,0,0,0,0,0,2,0,0,0,4,2,1,6,1,1,1
14972,111,0.617916,392,96,254,252,2,1,6,2,255,255,65,48,0,0,6185.23519,0,123.5832,0.002,0.293699,0.130799,0.1629,0,4,0,0,0,2,5,3,2,1,1,1
49039,80,0.911416,762,268,254,252,2,1,10,6,255,255,76,45,0,0,5174.373814,283.037969,96.935111,165.98,0.223571,0.081512,0.142059,0,1,0,0,0,2,3,4,4,1,1,4
0,0,59.055561,11968,0,254,0,0,0,44,0,0,0,272,0,0,0,1665.184375,0,1373.385125,0,0,0,0,0,2,0,0,0,7,2,2,2,2,2,2
15098,111,1.052862,564,354,254,252,2,1,10,8,255,255,56,44,0,0,7836.843445,200.925141,116.972333,140.811141,0.143955,0.067179,0.076776,0,1,0,0,0,3,1,1,2,1,1,1
0,0,59.055561,11968,0,254,0,0,0,44,0,0,0,272,0,0,0,1665.184375,0,1373.385125,0,0,0,0,0,2,0,0,0,7,2,2,2,2,2,2
36733,111,1.812836,564,354,254,252,2,1,10,8,255,255,56,44,0,0,12899.62036,359.456437,201.325667,248.73,0.145813,0.071718,0.074095,0,1,0,0,0,2,1,1,1,1,1,1
59487,111,0.000011,168,0,254,0,0,0,2,0,0,0,84,0,0,0,0,0,0.011,0,0,0,0,0,2,0,0,0,2,2,1,1,1,1,1
10560,111,1.196741,564,354,254,252,2,1,10,8,255,255,56,44,0,0,8425.254256,190.803828,119.942333,157.695719,0.161635,0.09286,0.068775,0,1,0,0,0,6,1,1,2,1,1,1
28705,80,0.946528,910,354,254,252,2,1,10,8,255,255,91,44,0,0,5848.078932,255.402656,103.307333,126.426289,0.115923,0.061533,0.05439,0,1,0,0,0,4,2,1,1,1,1,1
31036,111,0.000012,168,0,254,0,0,0,2,0,0,0,84,0,0,0,0,0,0.012,0,0,0,0,0,2,0,0,0,2,1,1,1,1,1,1
48989,111,1.145952,564,354,254,252,2,1,10,8,255,255,56,44,0,0,7844.37439,202.758906,127.328,138.918,0.27974,0.155915,0.123825,0,1,0,0,0,7,1,1,2,1,1,1
34710,111,0.000008,168,0,254,0,0,0,2,0,0,0,84,0,0,0,0,0,0.008,0,0,0,0,0,2,0,0,0,2,1,1,2,1,1,1
14929,111,1.297313,564,354,254,252,2,1,10,8,255,255,56,44,0,0,9290.306742,252.614625,144.001667,178.343141,0.08461,0.048906,0.035704,0,1,0,0,0,1,2,1,1,1,1,1
49825,111,1.415743,364,354,254,252,1,1,8,8,255,255,46,44,0,0,15303.34516,297.545406,200.177714,196.948,0.102558,0.0371,0.065458,0,1,0,0,0,3,1,1,2,1,1,1
16971,111,0.000006,168,0,254,0,0,0,2,0,0,0,84,0,0,0,0,0,0.006,0,0,0,0,0,2,0,0,0,4,4,2,1,1,1,1
36932,111,1.527412,564,354,254,252,2,1,10,8,255,255,56,44,0,0,12043.2272,297.924094,166.560889,198.136422,0.195932,0.140446,0.055486,0,1,0,0,0,1,1,1,1,1,1,1
62332,111,1.144466,564,354,254,252,2,1,10,8,255,255,56,44,0,0,7256.380191,253.748719,124.947222,151.013422,0.157959,0.087364,0.070595,0,1,0,0,0,5,1,1,2,1,1,1
29512,80,0.610467,886,354,254,252,2,1,10,8,255,255,89,44,0,0,4413.664914,135.783734,65.259667,82.06143,0.098152,0.036033,0.062119,0,1,0,0,0,5,6,2,2,2,1,1
14658,111,0.913967,564,354,254,252,2,1,10,8,255,255,56,44,0,0,6447.625196,145.406313,97.349778,122.296289,0.125215,0.057887,0.067328,0,1,0,0,0,1,5,3,1,1,1,1
54261,111,0.85595,564,354,254,252,2,1,10,8,255,255,56,44,0,0,6312.18442,173.58,93.845,115.64643,0.113419,0.04642,0.066999,0,1,0,0,0,6,4,2,3,1,1,1
57499,111,0.000005,168,0,254,0,0,0,2,0,0,0,84,0,0,0,0,0,0.005,0,0,0,0,0,2,0,0,0,1,2,1,4,1,1,1
49537,111,0.791498,564,354,254,252,2,1,10,8,255,255,56,44,0,0,6075.46665,137.567094,79.945556,103.595289,0.122356,0.06632,0.056036,0,1,0,0,0,9,7,2,2,1,1,2
0,0,58.003418,29920,0,254,0,0,0,110,0,0,0,272,0,0,0,710.735188,0,547.563813,0,0,0,0,0,6,0,0,0,5,3,2,3,2,2,2
0,0,58.003418,29920,0,254,0,0,0,110,0,0,0,272,0,0,0,710.735188,0,547.563813,0,0,0,0,0,6,0,0,0,5,3,2,3,2,2,2
42982,111,0.000008,168,0,254,0,0,0,2,0,0,0,84,0,0,0,0,0,0.008,0,0,0,0,0,2,0,0,0,3,3,1,1,1,1,1
8726,111,0.000009,168,0,254,0,0,0,2,0,0,0,84,0,0,0,0,0,0.009,0,0,0,0,0,2,0,0,0,2,4,1,1,1,1,1
51215,80,0.623199,820,268,254,252,2,1,10,6,255,255,82,45,0,0,3696.177732,197.511047,69.146889,114.638,0.102502,0.050007,0.052495,0,1,0,0,0,5,4,1,1,1,1,1
9758,111,1.511708,564,354,254,252,2,1,10,8,255,255,56,44,0,0,11288.59333,301.327906,167.967556,205.79,0.149273,0.070407,0.078866,0,1,0,0,0,2,2,1,5,1,1,1
32253,111,0.872319,364,354,254,252,1,1,8,8,255,255,46,44,0,0,8414.035281,181.717375,122.840429,115.32743,0.140838,0.065019,0.075819,0,1,0,0,0,2,2,1,4,1,1,1
30658,80,0.455999,1010,268,254,252,2,1,10,6,255,255,101,45,0,0,2410.137893,108.578641,46.212778,74.529602,0.170679,0.08334,0.087339,0,1,0,0,0,1,2,1,1,1,1,1
29176,111,0.877952,564,354,254,252,2,1,10,8,255,255,56,44,0,0,6113.253752,165.999922,94.949222,112.417859,0.146938,0.091025,0.055913,0,1,0,0,0,6,2,1,3,1,1,1
5347,111,1.324426,564,354,254,252,2,1,10,8,255,255,56,44,0,0,9329.866846,264.693062,145.122556,180.615578,0.167312,0.060106,0.107206,0,1,0,0,0,1,4,2,4,1,1,1
0,0,18.335655,11424,0,254,0,0,0,42,0,0,0,272,0,0,0,560.552812,0,486.06075,0,0,0,0,0,6,0,0,0,6,4,2,2,2,2,2
0,0,18.335655,11424,0,254,0,0,0,42,0,0,0,272,0,0,0,560.552812,0,486.06075,0,0,0,0,0,6,0,0,0,6,4,2,2,2,2,2
18225,111,1.115852,564,354,254,252,2,1,10,8,255,255,56,44,0,0,7073.757173,235.477891,123.983556,144.895859,0.173207,0.075994,0.097213,0,1,0,0,0,5,4,1,2,1,1,1
35813,111,0.000011,168,0,254,0,0,0,2,0,0,0,84,0,0,0,0,0,0.011,0,0,0,0,0,2,0,0,0,9,1,1,2,1,1,1
31780,80,0.392606,754,268,254,252,2,1,10,6,255,255,75,45,0,0,2034.065903,87.148055,40.984889,67.455797,0.093543,0.05532,0.038223,0,1,0,0,0,6,2,1,2,2,1,1
20014,111,0.000008,168,0,254,0,0,0,2,0,0,0,84,0,0,0,0,0,0.008,0,0,0,0,0,2,0,0,0,2,4,1,2,1,1,1
27197,111,0.000011,168,0,254,0,0,0,2,0,0,0,84,0,0,0,0,0,0.011,0,0,0,0,0,2,0,0,0,2,1,1,2,1,1,1
41343,111,1.155033,564,354,254,252,2,1,10,8,255,255,56,44,0,0,7471.43723,268.565875,125.243222,146.016141,0.200109,0.132916,0.067193,0,1,0,0,0,2,1,1,1,1,1,1
18936,111,0.991463,564,354,254,252,2,1,10,8,255,255,56,44,0,0,7673.520446,185.755188,106.932333,134.806859,0.127334,0.047804,0.07953,0,1,0,0,0,1,2,1,1,1,1,1
41673,80,0.54457,1006,268,254,252,2,1,10,6,255,255,101,45,0,0,3082.802569,133.595875,58.390222,90.854797,0.145969,0.090291,0.055678,0,1,0,0,0,2,2,1,1,1,1,1
19991,111,0.000011,168,0,254,0,0,0,2,0,0,0,84,0,0,0,0,0,0.011,0,0,0,0,0,2,0,0,0,4,2,1,1,1,1,1
36217,80,0.48831,794,354,254,252,2,1,10,8,255,255,79,44,0,0,3418.303679,116.671852,50.581667,62.026855,0.117228,0.054111,0.063117,0,1,0,0,0,1,1,1,1,1,1,1
49122,80,0.258515,782,268,254,252,2,1,10,6,255,255,78,45,0,0,1408.351913,77.715656,28.723889,43.205801,0.085804,0.019686,0.066118,0,1,0,0,0,2,1,1,2,1,1,1
27240,80,0.260265,774,268,254,252,2,1,10,6,255,255,77,45,0,0,1358.032967,69.279227,26.254556,46.881602,0.079195,0.025852,0.053343,0,1,0,0,0,3,1,1,4,1,1,1
55285,111,0.000004,168,0,254,0,0,0,2,0,0,0,84,0,0,0,0,0,0.004,0,0,0,0,0,2,0,0,0,3,1,1,1,1,1,1
28131,111,0.000005,168,0,254,0,0,0,2,0,0,0,84,0,0,0,0,0,0.005,0,0,0,0,0,2,0,0,0,3,1,1,5,1,1,1
19224,111,0.681763,564,354,254,252,2,1,10,8,255,255,56,44,0,0,5510.620495,135.429594,73.249444,95.38543,0.068109,0.014061,0.054048,0,1,0,0,0,2,1,1,1,1,1,1
47576,80,0.22428,798,268,254,252,2,1,10,6,255,255,80,45,0,0,1153.57538,58.667648,22.064556,39.441199,0.074178,0.027066,0.047112,0,1,0,0,0,2,2,1,1,1,1,1
58987,80,0.214673,852,268,254,252,2,1,10,6,255,255,85,45,0,0,1110.273983,63.920156,22.034778,40.648,0.059502,0.011429,0.048073,0,1,0,0,0,1,1,1,4,1,1,1
49238,111,1.742539,564,354,254,252,2,1,10,8,255,255,56,44,0,0,12868.54774,453.137281,192.416889,244.972281,0.060418,0.027729,0.032689,0,1,0,0,0,1,1,1,1,1,1,1
3911,111,0.667654,564,354,254,252,2,1,10,8,255,255,56,44,0,0,5619.109604,135.839438,74.183778,90.040289,0.103702,0.036639,0.067063,0,1,0,0,0,2,1,1,1,1,1,1
31419,111,0.000011,168,0,254,0,0,0,2,0,0,0,84,0,0,0,0,0,0.011,0,0,0,0,0,2,0,0,0,2,1,1,1,1,1,1
33039,111,0.736728,564,354,254,252,2,1,10,8,255,255,56,44,0,0,5567.59554,146.647797,78.797111,101.183,0.068422,0.028442,0.03998,0,1,0,0,0,2,1,1,1,1,1,1
15779,111,0.000009,168,0,254,0,0,0,2,0,0,0,84,0,0,0,0,0,0.009,0,0,0,0,0,2,0,0,0,2,1,1,4,1,1,1
38113,111,0.000011,168,0,254,0,0,0,2,0,0,0,84,0,0,0,0,0,0.011,0,0,0,0,0,2,0,0,0,2,1,1,1,1,1,1
35232,111,0.000009,168,0,254,0,0,0,2,0,0,0,84,0,0,0,0,0,0.009,0,0,0,0,0,2,0,0,0,1,1,1,1,1,1,1
24746,80,0.40501,828,268,254,252,2,1,10,6,255,255,83,45,0,0,1979.443905,105.88875,37.157444,77.222203,0.050547,0.018898,0.031649,0,1,0,0,0,1,1,1,1,1,1,1
60634,111,0.000004,168,0,254,0,0,0,2,0,0,0,84,0,0,0,0,0,0.004,0,0,0,0,0,2,0,0,0,1,1,1,1,1,1,1
49471,111,0.000002,168,0,254,0,0,0,2,0,0,0,84,0,0,0,0,0,0.002,0,0,0,0,0,2,0,0,0,3,3,2,1,1,1,1
50348,111,0.000011,168,0,254,0,0,0,2,0,0,0,84,0,0,0,0,0,0.011,0,0,0,0,0,2,0,0,0,1,1,1,1,1,1,1
50864,111,0.000011,168,0,254,0,0,0,2,0,0,0,84,0,0,0,0,0,0.011,0,0,0,0,0,2,0,0,0,3,1,1,1,1,1,1
24954,80,0.245643,808,268,254,252,2,1,10,6,255,255,81,45,0,0,1429.85977,57.550246,27.293667,40.209,0.106415,0.043894,0.062521,0,1,0,0,0,3,2,1,1,1,1,1
4903,111,0.735304,564,354,254,252,2,1,10,8,255,255,56,44,0,0,5720.717574,135.082031,78.189,102.599289,0.032439,0.017098,0.015341,0,1,0,0,0,2,1,1,1,1,1,1
4082,111,0.000007,168,0,254,0,0,0,2,0,0,0,84,0,0,0,0,0,0.007,0,0,0,0,0,2,0,0,0,3,2,1,1,1,1,1
25929,111,0.000004,168,0,254,0,0,0,2,0,0,0,84,0,0,0,0,0,0.004,0,0,0,0,0,2,0,0,0,1,1,1,1,1,1,1
26144,111,0.000011,168,0,254,0,0,0,2,0,0,0,84,0,0,0,0,0,0.011,0,0,0,0,0,2,0,0,0,1,1,1,1,1,1,1
17735,80,0.189382,978,268,254,252,2,1,10,6,255,255,98,45,0,0,1099.979943,68.298484,21.042444,35.844801,0.053057,0.006404,0.046653,0,1,0,0,0,2,1,1,1,1,1,1
58720,80,0.552098,802,268,254,252,2,1,10,6,255,255,80,45,0,0,5159.75919,210.624391,60.650444,108.859203,0.026458,0.007797,0.018661,0,1,0,0,0,3,1,1,1,1,1,1
39117,111,0.699527,564,354,254,252,2,1,10,8,255,255,56,44,0,0,5507.645867,140.707484,74.184222,94.462711,0.079766,0.038285,0.041481,0,1,0,0,0,2,1,1,2,1,1,1
35957,111,0.000004,168,0,254,0,0,0,2,0,0,0,84,0,0,0,0,0,0.004,0,0,0,0,0,2,0,0,0,4,1,1,9,1,1,1
41632,111,0.917553,564,354,254,252,2,1,10,8,255,255,56,44,0,0,6387.168195,178.363641,98.499778,121.59557,0.148699,0.06638,0.082319,0,1,0,0,0,7,1,1,3,2,1,1
53211,111,0.000004,168,0,254,0,0,0,2,0,0,0,84,0,0,0,0,0,0.004,0,0,0,0,0,2,0,0,0,7,2,1,3,2,1,1
10032,111,0.705146,564,354,254,252,2,1,10,8,255,255,56,44,0,0,5664.693841,147.861047,75.804778,98.548859,0.036673,0.0153,0.021373,0,1,0,0,0,1,4,1,1,1,1,1
16610,111,0.692076,564,354,254,252,2,1,10,8,255,255,56,44,0,0,5673.430641,140.010281,73.589,96.026,0.06906,0.019883,0.049177,0,1,0,0,0,2,1,1,1,1,1,1
62723,111,0.760631,564,354,254,252,2,1,10,8,255,255,56,44,0,0,6005.084256,136.696937,81.699,102.327141,0.061401,0.044334,0.017067,0,1,0,0,0,2,1,1,1,1,1,1
45048,80,0.23651,818,268,254,252,2,1,10,6,255,255,82,45,0,0,1195.004026,62.620367,24.160778,44.169602,0.066687,0.015652,0.051035,0,1,0,0,0,4,1,1,2,1,1,1
53391,111,0.000012,168,0,254,0,0,0,2,0,0,0,84,0,0,0,0,0,0.012,0,0,0,0,0,2,0,0,0,1,4,2,1,1,1,1
42900,111,0.000011,168,0,254,0,0,0,2,0,0,0,84,0,0,0,0,0,0.011,0,0,0,0,0,2,0,0,0,1,1,1,1,1,1,1
28526,111,0.00001,168,0,254,0,0,0,2,0,0,0,84,0,0,0,0,0,0.01,0,0,0,0,0,2,0,0,0,3,4,1,2,1,1,1
28070,111,0.000011,168,0,254,0,0,0,2,0,0,0,84,0,0,0,0,0,0.011,0,0,0,0,0,2,0,0,0,3,1,1,1,1,1,1
55263,111,0.000003,168,0,254,0,0,0,2,0,0,0,84,0,0,0,0,0,0.003,0,0,0,0,0,2,0,0,0,2,1,1,1,1,1,1
37863,111,0.000007,168,0,254,0,0,0,2,0,0,0,84,0,0,0,0,0,0.007,0,0,0,0,0,2,0,0,0,1,2,1,1,1,1,1
62725,111,1.209841,564,354,254,252,2,1,10,8,255,255,56,44,0,0,8841.779422,228.199469,131.948778,162.021859,0.120191,0.075687,0.044504,0,1,0,0,0,2,2,1,2,1,1,1
48263,111,1.178038,564,354,254,252,2,1,10,8,255,255,56,44,0,0,8549.179918,231.977344,130.798889,155.125578,0.150935,0.092155,0.05878,0,1,0,0,0,1,1,1,1,1,1,1
31686,111,1.196728,564,354,254,252,2,1,10,8,255,255,56,44,0,0,7566.02617,242.542859,125.599222,161.426719,0.154096,0.066736,0.08736,0,1,0,0,0,2,3,2,1,1,1,1
58346,111,0.00001,168,0,254,0,0,0,2,0,0,0,84,0,0,0,0,0,0.01,0,0,0,0,0,2,0,0,0,1,2,2,1,1,1,1
21933,111,1.089395,564,354,254,252,2,1,10,8,255,255,56,44,0,0,8048.328814,200.420875,121.033667,139.610422,0.221589,0.112114,0.109475,0,1,0,0,0,2,2,1,2,1,1,1
3234,111,0.000008,168,0,254,0,0,0,2,0,0,0,84,0,0,0,0,0,0.008,0,0,0,0,0,2,0,0,0,4,3,1,1,1,1,1
64429,80,0.837843,896,354,254,252,2,1,10,8,255,255,90,44,0,0,5717.939672,128.346883,84.313889,101.640141,0.172977,0.126352,0.046625,0,1,0,0,0,6,6,2,2,1,1,2
28342,111,0.000011,168,0,254,0,0,0,2,0,0,0,84,0,0,0,0,0,0.011,0,0,0,0,0,2,0,0,0,6,1,1,3,1,1,1
14666,111,0.000011,168,0,254,0,0,0,2,0,0,0,84,0,0,0,0,0,0.011,0,0,0,0,0,2,0,0,0,1,1,1,1,1,1,1
47906,111,0.000011,168,0,254,0,0,0,2,0,0,0,84,0,0,0,0,0,0.011,0,0,0,0,0,2,0,0,0,2,2,1,1,1,1,1
59454,111,0.000007,168,0,254,0,0,0,2,0,0,0,84,0,0,0,0,0,0.007,0,0,0,0,0,2,0,0,0,3,1,1,4,1,1,1
61501,111,0.00001,168,0,254,0,0,0,2,0,0,0,84,0,0,0,0,0,0.01,0,0,0,0,0,2,0,0,0,1,2,1,1,1,1,1
23777,111,1.760645,564,354,254,252,2,1,10,8,255,255,56,44,0,0,12095.21405,347.490656,191.257333,239.774859,0.175687,0.082219,0.093468,0,1,0,0,0,3,2,1,1,1,1,1
6831,111,0.833476,564,354,254,252,2,1,10,8,255,255,56,44,0,0,6882.928746,169.997297,92.595778,113.995859,0.087901,0.035494,0.052407,0,1,0,0,0,7,1,1,2,1,1,1
6617,111,1.097304,564,354,254,252,2,1,10,8,255,255,56,44,0,0,7849.538039,216.938562,120.295333,147.645,0.152633,0.063782,0.088851,0,1,0,0,0,5,1,1,2,1,1,1
7168,111,0.00001,168,0,254,0,0,0,2,0,0,0,84,0,0,0,0,0,0.01,0,0,0,0,0,2,0,0,0,6,1,1,2,1,1,1
35440,111,0.000003,168,0,254,0,0,0,2,0,0,0,84,0,0,0,0,0,0.003,0,0,0,0,0,2,0,0,0,6,1,1,1,1,1,1
2450,111,0.000004,168,0,254,0,0,0,2,0,0,0,84,0,0,0,0,0,0.004,0,0,0,0,0,2,0,0,0,11,3,1,2,1,1,1
42775,111,0.000005,168,0,254,0,0,0,2,0,0,0,84,0,0,0,0,0,0.005,0,0,0,0,0,2,0,0,0,1,1,1,1,1,1,1
60356,111,0.000004,168,0,254,0,0,0,2,0,0,0,84,0,0,0,0,0,0.004,0,0,0,0,0,2,0,0,0,1,1,1,1,1,1,1
35576,111,0.000007,168,0,254,0,0,0,2,0,0,0,84,0,0,0,0,0,0.007,0,0,0,0,0,2,0,0,0,1,1,1,6,1,1,1
33707,111,0.000003,168,0,254,0,0,0,2,0,0,0,84,0,0,0,0,0,0.003,0,0,0,0,0,2,0,0,0,1,1,1,1,1,1,1
64029,111,0.000009,168,0,254,0,0,0,2,0,0,0,84,0,0,0,0,0,0.009,0,0,0,0,0,2,0,0,0,2,1,1,1,1,1,1
36899,80,0.296426,812,268,254,252,2,1,10,6,255,255,81,45,0,0,1530.280472,71.952211,30.817111,51.821602,0.077914,0.037308,0.040606,0,1,0,0,0,3,1,1,2,2,1,1
32308,111,1.293592,564,354,254,252,2,1,10,8,255,255,56,44,0,0,10265.92969,282.107188,143.732444,178.811141,0.057787,0.041208,0.016579,0,1,0,0,0,1,1,1,1,1,1,1
61691,80,0.380194,840,268,254,252,2,1,10,6,255,255,84,45,0,0,2245.238858,72.254352,42.243778,54.197199,0.173485,0.10849,0.064995,0,1,0,0,0,1,1,1,1,1,1,1
19800,80,0.595279,846,268,254,252,2,1,10,6,255,255,85,45,0,0,4515.422164,225.299344,65.793778,117.71,0.031819,0.006726,0.025093,0,1,0,0,0,1,1,1,1,1,1,1
58743,111,0.649118,564,354,254,252,2,1,10,8,255,255,56,44,0,0,5531.118973,140.397063,72.124222,89.124,0.063056,0.018053,0.045003,0,1,0,0,0,1,1,1,1,1,1,1
59023,111,0.000004,168,0,254,0,0,0,2,0,0,0,84,0,0,0,0,0,0.004,0,0,0,0,0,2,0,0,0,1,1,4,1,1,1,1
28185,111,0.684252,564,354,254,252,2,1,10,8,255,255,56,44,0,0,5541.633697,128.598898,76.028,90.959711,0.094771,0.046816,0.047955,0,1,0,0,0,1,1,1,1,1,1,1
18333,111,0.665883,564,354,254,252,2,1,10,8,255,255,56,44,0,0,5470.292566,136.799484,73.352111,94.202141,0.050549,0.006465,0.044084,0,1,0,0,0,2,1,1,1,1,1,1
34041,111,0.628272,564,354,254,252,2,1,10,8,255,255,56,44,0,0,5443.384438,137.837031,69.172111,88.65343,0.054176,0.007687,0.046489,0,1,0,0,0,1,1,1,1,1,1,1
53745,80,0.159586,814,268,254,252,2,1,10,6,255,255,81,45,0,0,1015.000786,47.814102,16.122111,29.492801,0.022446,0.012112,0.010334,0,1,0,0,0,3,2,1,1,1,1,1
1168,80,0.188854,752,268,254,252,2,1,10,6,255,255,75,45,0,0,1031.57848,61.815547,19.313,36.329199,0.054154,0.007197,0.046957,0,1,0,0,0,3,1,1,1,1,1,1
31194,111,0.000003,168,0,254,0,0,0,2,0,0,0,84,0,0,0,0,0,0.003,0,0,0,0,0,2,0,0,0,1,1,1,1,1,1,1
62163,111,0.76928,564,354,254,252,2,1,10,8,255,255,56,44,0,0,6826.981985,165.488109,84.015444,107.67843,0.040386,0.01553,0.024856,0,1,0,0,0,1,1,1,1,1,1,1
64380,111,0.000011,168,0,254,0,0,0,2,0,0,0,84,0,0,0,0,0,0.011,0,0,0,0,0,2,0,0,0,2,2,1,1,1,1,1
63304,111,0.66089,564,354,254,252,2,1,10,8,255,255,56,44,0,0,5437.920817,141.126484,73.432222,90.71,0.083593,0.020106,0.063487,0,1,0,0,0,1,3,1,1,1,1,1
61349,111,0.000003,168,0,254,0,0,0,2,0,0,0,84,0,0,0,0,0,0.003,0,0,0,0,0,2,0,0,0,1,1,1,1,1,1,1
42088,111,0.715855,564,354,254,252,2,1,10,8,255,255,56,44,0,0,5676.062341,135.623766,75.227667,97.65543,0.061918,0.032259,0.029659,0,1,0,0,0,9,1,1,3,1,1,1
47555,111,0.69608,564,354,254,252,2,1,10,8,255,255,56,44,0,0,5621.675964,136.480109,74.370889,95.743289,0.079663,0.025873,0.05379,0,1,0,0,0,2,7,2,1,1,1,1
57753,111,0.000003,168,0,254,0,0,0,2,0,0,0,84,0,0,0,0,0,0.003,0,0,0,0,0,2,0,0,0,2,1,1,1,1,1,1
39489,111,0.800113,564,354,254,252,2,1,10,8,255,255,56,44,0,0,6395.179224,150.596109,86.788444,108.66757,0.091098,0.039439,0.051659,0,1,0,0,0,6,1,1,3,1,1,1
8494,111,0.787479,564,354,254,252,2,1,10,8,255,255,56,44,0,0,6000.512796,150.898531,83.630333,108.03243,0.067506,0.031241,0.036265,0,1,0,0,0,1,1,1,1,1,1,1
62241,80,0.320376,1018,268,254,252,2,1,10,6,255,255,102,45,0,0,1700.483921,77.698156,32.416111,52.240602,0.097514,0.059163,0.038351,0,1,0,0,0,3,1,1,2,2,1,1
55296,111,0.796222,564,354,254,252,2,1,10,8,255,255,56,44,0,0,5869.050027,156.479609,88.366556,106.948289,0.126898,0.047578,0.07932,0,1,0,0,0,1,1,1,1,1,1,1
7513,80,0.56971,852,268,254,252,2,1,10,6,255,255,85,45,0,0,3034.545349,133.973328,63.301111,97.747203,0.13027,0.080204,0.050066,0,1,0,0,0,2,1,1,1,1,1,1
37224,111,0.891399,564,354,254,252,2,1,10,8,255,255,56,44,0,0,6259.496053,149.765437,98.945111,114.918711,0.150607,0.086958,0.063649,0,1,0,0,0,4,1,1,1,1,1,1
61968,80,0.488899,854,268,254,252,2,1,10,6,255,255,85,45,0,0,2745.134575,121.181891,51.443222,81.841,0.149456,0.079693,0.069763,0,1,0,0,0,2,2,1,1,1,1,1
2509,111,0.000004,168,0,254,0,0,0,2,0,0,0,84,0,0,0,0,0,0.004,0,0,0,0,0,2,0,0,0,1,1,1,1,1,1,1
48334,111,0.00001,168,0,254,0,0,0,2,0,0,0,84,0,0,0,0,0,0.01,0,0,0,0,0,2,0,0,0,2,1,1,1,1,1,1
2255,111,1.238283,564,354,254,252,2,1,10,8,255,255,56,44,0,0,8927.899521,230.91925,135.191556,160.282422,0.196617,0.116303,0.080314,0,1,0,0,0,4,3,1,1,1,1,1
1910,111,0.798254,564,354,254,252,2,1,10,8,255,255,56,44,0,0,6131.154585,154.622437,88.622111,104.621141,0.104267,0.06589,0.038377,0,1,0,0,0,4,1,1,1,1,1,1
11007,111,0.000017,168,0,254,0,0,0,2,0,0,0,84,0,0,0,0,0,0.017,0,0,0,0,0,2,0,0,0,1,7,2,1,1,1,1
40649,111,0.929961,564,354,254,252,2,1,10,8,255,255,56,44,0,0,7035.726579,177.814188,100.922,121.695,0.130415,0.078076,0.052339,0,1,0,0,0,1,2,1,1,1,1,1
11880,111,0.80008,564,354,254,252,2,1,10,8,255,255,56,44,0,0,6359.459191,149.113281,83.865778,109.09557,0.103554,0.036408,0.067146,0,1,0,0,0,1,2,1,1,1,1,1
6711,111,0.773817,564,354,254,252,2,1,10,8,255,255,56,44,0,0,6068.028868,144.099047,82.961556,103.583289,0.107055,0.048724,0.058331,0,1,0,0,0,9,1,1,3,1,1,1
52671,111,0.000011,168,0,254,0,0,0,2,0,0,0,84,0,0,0,0,0,0.011,0,0,0,0,0,2,0,0,0,2,1,1,1,1,1,1
14840,111,1.230228,564,354,254,252,2,1,10,8,255,255,56,44,0,0,8481.203572,223.604547,131.055,163.73,0.163419,0.084097,0.079322,0,1,0,0,0,1,1,1,1,1,1,1
36034,111,0.706355,564,354,254,252,2,1,10,8,255,255,56,44,0,0,5625.646533,138.311672,75.277,99.21443,0.026149,0.011843,0.014306,0,1,0,0,0,2,2,2,2,1,1,2
23412,80,0.285404,956,268,254,252,2,1,10,6,255,255,96,45,0,0,1397.057296,74.955078,27.732667,54.494199,0.063755,0.012923,0.050832,0,1,0,0,0,2,2,1,1,1,1,1
21334,111,0.000004,168,0,254,0,0,0,2,0,0,0,84,0,0,0,0,0,0.004,0,0,0,0,0,2,0,0,0,1,2,1,1,1,1,1
12679,111,0.649476,564,354,254,252,2,1,10,8,255,255,56,44,0,0,5436.452072,142.995266,71.256667,91.608,0.057613,0.00821,0.049403,0,1,0,0,0,3,2,1,1,1,1,1
24001,111,0.725648,564,354,254,252,2,1,10,8,255,255,56,44,0,0,6062.304039,140.808,80.627556,96.581859,0.058039,0.048861,0.009178,0,1,0,0,0,3,2,1,1,1,1,1
24866,111,0.648414,564,354,254,252,2,1,10,8,255,255,56,44,0,0,5601.545568,133.833703,71.687667,87.814,0.047118,0.033708,0.01341,0,1,0,0,0,1,1,1,1,1,1,1
24866,111,0.648414,564,354,254,252,2,1,10,8,255,255,56,44,0,0,5601.545568,133.833703,71.687667,87.814,0.047118,0.033708,0.01341,0,1,0,0,0,1,1,1,1,1,1,1
15309,111,0.000001,168,0,254,0,0,0,2,0,0,0,84,0,0,0,0,0,0.001,0,0,0,0,0,2,0,0,0,1,2,1,1,1,1,1
28021,111,0.621323,564,354,254,252,2,1,10,8,255,255,56,44,0,0,5382.823227,139.559203,69.035889,87.034289,0.051939,0.007248,0.044691,0,1,0,0,0,2,2,1,1,1,1,1
23037,111,0.6269,564,354,254,252,2,1,10,8,255,255,56,44,0,0,5448.004477,138.891641,69.201111,88.607141,0.051405,0.006639,0.044766,0,1,0,0,0,1,2,1,1,1,1,1
39405,111,0.631938,564,354,254,252,2,1,10,8,255,255,56,44,0,0,5397.231654,139.031797,70.215333,87.51243,0.051461,0.007343,0.044118,0,1,0,0,0,2,2,1,1,1,1,1
43079,111,0.000011,168,0,254,0,0,0,2,0,0,0,84,0,0,0,0,0,0.011,0,0,0,0,0,2,0,0,0,2,1,1,1,1,1,1
25587,111,0.000001,168,0,254,0,0,0,2,0,0,0,84,0,0,0,0,0,0.001,0,0,0,0,0,2,0,0,0,2,1,1,1,1,1,1
62244,80,0.207422,836,268,254,252,2,1,10,6,255,255,84,45,0,0,1080.771796,59.893441,20.493889,39.964398,0.051868,0.007595,0.044273,0,1,0,0,0,2,1,1,1,1,1,1
14019,111,0.623885,564,354,254,252,2,1,10,8,255,255,56,44,0,0,5413.894245,138.354547,68.799222,88.27857,0.050892,0.005928,0.044964,0,1,0,0,0,2,1,1,1,1,1,1
16235,111,0.640353,564,354,254,252,2,1,10,8,255,255,56,44,0,0,5486.096764,141.519047,71.150333,89.36557,0.063776,0.008036,0.05574,0,1,0,0,0,1,1,1,1,1,1,1
43064,111,0.628669,564,354,254,252,2,1,10,8,255,255,56,44,0,0,5438.218974,139.945359,69.486111,88.618859,0.0532,0.008325,0.044875,0,1,0,0,0,1,2,2,1,1,1,1
42836,111,0.624024,564,354,254,252,2,1,10,8,255,255,56,44,0,0,5430.102872,137.99425,68.791556,88.29543,0.051854,0.005945,0.045909,0,1,0,0,0,3,2,2,1,1,1,1
19988,111,0.000005,168,0,254,0,0,0,2,0,0,0,84,0,0,0,0,0,0.005,0,0,0,0,0,2,0,0,0,3,2,1,1,1,1,1
56032,111,0.629098,564,354,254,252,2,1,10,8,255,255,56,44,0,0,5411.434426,136.341938,68.390222,88.779141,0.053843,0.007633,0.04621,0,1,0,0,0,2,2,1,1,1,1,1
34369,111,0.661405,564,354,254,252,2,1,10,8,255,255,56,44,0,0,5417.825602,135.852578,73.489444,93.521859,0.053248,0.006011,0.047237,0,1,0,0,0,1,2,2,1,1,1,1
27687,111,0.000011,168,0,254,0,0,0,2,0,0,0,84,0,0,0,0,0,0.011,0,0,0,0,0,2,0,0,0,34,34,16,16,1,1,16
40196,111,0.626836,564,354,254,252,2,1,10,8,255,255,56,44,0,0,5442.968196,138.655094,69.197,88.641289,0.052831,0.006342,0.046489,0,1,0,0,0,16,1,1,1,1,1,1
3963,111,0.652478,564,354,254,252,2,1,10,8,255,255,56,44,0,0,5394.179592,134.778406,71.566222,91.223711,0.058685,0.0139,0.044785,0,1,0,0,0,2,1,1,1,1,1,1
46836,111,0.674393,564,354,254,252,2,1,10,8,255,255,56,44,0,0,5855.998779,136.338937,73.864778,95.25557,0.052098,0.007598,0.0445,0,1,0,0,0,1,1,1,1,1,1,1
5386,111,0.648062,564,354,254,252,2,1,10,8,255,255,56,44,0,0,5567.734089,138.25925,70.169333,91.63543,0.051058,0.006602,0.044456,0,1,0,0,0,4,2,1,1,1,1,1
64414,111,0.000012,168,0,254,0,0,0,2,0,0,0,84,0,0,0,0,0,0.012,0,0,0,0,0,2,0,0,0,4,1,1,1,1,1,1
35170,111,0.672488,564,354,254,252,2,1,10,8,255,255,56,44,0,0,5364.458324,137.009922,74.720889,94.142859,0.06062,0.012663,0.047957,0,1,0,0,0,2,1,1,1,1,1,1
9046,111,0.000011,168,0,254,0,0,0,2,0,0,0,84,0,0,0,0,0,0.011,0,0,0,0,0,2,0,0,0,1,1,1,1,1,1,1
45361,111,0.000005,168,0,254,0,0,0,2,0,0,0,84,0,0,0,0,0,0.005,0,0,0,0,0,2,0,0,0,1,1,1,1,1,1,1
6443,111,0.621465,564,354,254,252,2,1,10,8,255,255,56,44,0,0,5382.207307,136.839219,69.051667,86.22343,0.058094,0.013335,0.044759,0,1,0,0,0,2,1,1,1,1,1,1
60687,111,0.000037,168,0,254,0,0,0,2,0,0,0,84,0,0,0,0,0,0.037,0,0,0,0,0,2,0,0,0,2,1,1,1,1,1,1
3803,111,0.000007,168,0,254,0,0,0,2,0,0,0,84,0,0,0,0,0,0.007,0,0,0,0,0,2,0,0,0,2,2,1,1,1,1,1
19772,111,0.633622,564,354,254,252,2,1,10,8,255,255,56,44,0,0,5416.582709,137.862922,68.914111,89.568289,0.05565,0.006631,0.049019,0,1,0,0,0,2,2,1,1,1,1,1
22472,111,0.000012,168,0,254,0,0,0,2,0,0,0,84,0,0,0,0,0,0.012,0,0,0,0,0,2,0,0,0,1,1,1,1,1,1,1
8837,111,0.623418,564,354,254,252,2,1,10,8,255,255,56,44,0,0,5422.075768,137.721391,68.710889,88.23457,0.052555,0.005764,0.046791,0,1,0,0,0,1,1,1,1,1,1,1
51402,111,0.632542,564,354,254,252,2,1,10,8,255,255,56,44,0,0,5394.813966,137.316922,68.797111,89.246711,0.053298,0.00781,0.045488,0,1,0,0,0,2,1,1,1,1,1,1
32081,111,0.649364,564,354,254,252,2,1,10,8,255,255,56,44,0,0,5472.310232,144.167313,71.517222,91.853,0.051316,0.006381,0.044935,0,1,0,0,0,5,1,1,1,1,1,1
33133,80,0.228732,774,268,254,252,2,1,10,6,255,255,77,45,0,0,1149.023357,64.72275,22.742333,44.135,0.055824,0.00805,0.047774,0,1,0,0,0,1,1,1,1,1,1,1
31074,111,0.00001,168,0,254,0,0,0,2,0,0,0,84,0,0,0,0,0,0.01,0,0,0,0,0,2,0,0,0,2,2,1,1,1,1,1
60734,111,0.000004,168,0,254,0,0,0,2,0,0,0,84,0,0,0,0,0,0.004,0,0,0,0,0,2,0,0,0,4,2,1,1,1,1,1
13788,111,0.000009,168,0,254,0,0,0,2,0,0,0,84,0,0,0,0,0,0.009,0,0,0,0,0,2,0,0,0,1,1,1,1,1,1,1
46513,111,0.622944,564,354,254,252,2,1,10,8,255,255,56,44,0,0,5426.427849,134.842484,68.789,86.40543,0.063654,0.018104,0.04555,0,1,0,0,0,2,1,1,1,1,1,1
15811,111,0.00001,168,0,254,0,0,0,2,0,0,0,84,0,0,0,0,0,0.01,0,0,0,0,0,2,0,0,0,1,1,1,1,1,1,1
7711,111,0.627399,564,354,254,252,2,1,10,8,255,255,56,44,0,0,5429.226249,138.035266,69.023667,88.59457,0.053447,0.007226,0.046221,0,1,0,0,0,1,1,1,1,1,1,1
7679,111,0.000012,168,0,254,0,0,0,2,0,0,0,84,0,0,0,0,0,0.012,0,0,0,0,0,2,0,0,0,1,1,1,1,1,1,1
27902,111,0.625242,564,354,254,252,2,1,10,8,255,255,56,44,0,0,5397.344649,138.978609,69.471333,87.324859,0.056809,0.009471,0.047338,0,1,0,0,0,2,2,1,1,1,1,1
31085,80,0.180229,958,268,254,252,2,1,10,6,255,255,96,45,0,0,1002.017155,57.609539,18.682778,33.173398,0.058152,0.01435,0.043802,0,1,0,0,0,2,2,1,1,1,1,1
33185,111,0.622673,564,354,254,252,2,1,10,8,255,255,56,44,0,0,5376.372328,138.795719,69.185889,87.07543,0.053408,0.007869,0.045539,0,1,0,0,0,2,1,1,1,1,1,1
4801,111,0.80321,564,354,254,252,2,1,10,8,255,255,56,44,0,0,7255.525035,178.168875,88.648778,112.395,0.03022,0.016431,0.013789,0,1,0,0,0,1,2,1,1,1,1,1
54742,111,0.000017,168,0,254,0,0,0,2,0,0,0,84,0,0,0,0,0,0.017,0,0,0,0,0,2,0,0,0,1,1,1,1,1,1,1
7687,111,0.000011,168,0,254,0,0,0,2,0,0,0,84,0,0,0,0,0,0.011,0,0,0,0,0,2,0,0,0,4,1,1,2,1,1,1
58522,80,0.180214,800,268,254,252,2,1,10,6,255,255,80,45,0,0,1000.025176,60.543246,18.739556,34.808,0.052855,0.006162,0.046693,0,1,0,0,0,4,1,1,1,1,1,1
5720,80,0.275391,886,268,254,252,2,1,10,6,255,255,89,45,0,0,1538.522817,75.800891,30.479667,49.932398,0.071558,0.025728,0.04583,0,1,0,0,0,4,1,1,2,1,1,1
44295,80,0.345921,764,268,254,252,2,1,10,6,255,255,76,45,0,0,1650.740664,72.942914,33.530556,56.072,0.081741,0.065557,0.016184,0,1,0,0,0,1,4,1,1,1,1,1
61925,111,0.00001,168,0,254,0,0,0,2,0,0,0,84,0,0,0,0,0,0.01,0,0,0,0,0,2,0,0,0,4,4,1,1,1,1,1
6799,1434,0.000007,75,0,254,0,0,0,2,0,0,0,38,0,0,0,0,0,0.007,0,0,0,0,0,2,0,0,0,2,1,1,2,1,1,1
37347,111,0.00001,168,0,254,0,0,0,2,0,0,0,84,0,0,0,0,0,0.01,0,0,0,0,0,2,0,0,0,4,2,2,2,1,1,2
46056,111,0.000005,168,0,254,0,0,0,2,0,0,0,84,0,0,0,0,0,0.005,0,0,0,0,0,2,0,0,0,2,2,1,1,1,1,1
21180,80,0.729718,816,354,254,252,2,1,10,8,255,255,82,44,0,0,5283.959113,132.106609,80.973556,94.438,0.124659,0.068642,0.056017,0,1,0,0,0,2,5,2,1,1,1,1
16618,111,0.955183,564,354,254,252,2,1,10,8,255,255,56,44,0,0,6334.30647,203.899297,106.131444,117.612,0.166147,0.083271,0.082876,0,1,0,0,0,1,1,1,1,1,1,1
24940,111,0.00001,168,0,254,0,0,0,2,0,0,0,84,0,0,0,0,0,0.01,0,0,0,0,0,2,0,0,0,1,2,2,1,1,1,1
50847,111,0.713945,564,354,254,252,2,1,10,8,255,255,56,44,0,0,5656.030824,149.700406,79.327222,94.94143,0.086281,0.03545,0.050831,0,1,0,0,0,1,2,1,1,1,1,1
49837,111,0.000011,168,0,254,0,0,0,2,0,0,0,84,0,0,0,0,0,0.011,0,0,0,0,0,2,0,0,0,1,1,1,1,1,1,1
24637,111,0.000006,168,0,254,0,0,0,2,0,0,0,84,0,0,0,0,0,0.006,0,0,0,0,0,2,0,0,0,2,1,1,1,1,1,1
28414,111,0.000007,168,0,254,0,0,0,2,0,0,0,84,0,0,0,0,0,0.007,0,0,0,0,0,2,0,0,0,2,1,1,1,1,1,1
51628,111,0.000008,168,0,254,0,0,0,2,0,0,0,84,0,0,0,0,0,0.008,0,0,0,0,0,2,0,0,0,1,1,1,1,1,1,1
20445,111,0.000011,168,0,254,0,0,0,2,0,0,0,84,0,0,0,0,0,0.011,0,0,0,0,0,2,0,0,0,3,1,1,2,1,1,1
25985,80,0.195852,762,268,254,252,2,1,10,6,255,255,76,45,0,0,1062.710117,62.369953,20.038222,37.397602,0.055225,0.008857,0.046368,0,1,0,0,0,1,1,1,1,1,1,1
62918,80,0.211065,834,268,254,252,2,1,10,6,255,255,83,45,0,0,1118.434603,62.634988,21.283778,38.697602,0.064947,0.017574,0.047373,0,1,0,0,0,1,2,1,1,1,1,1
46174,80,0.494474,828,268,254,252,2,1,10,6,255,255,83,45,0,0,3801.31651,164.731469,54.941556,93.940602,0.079315,0.024056,0.055259,0,1,0,0,0,3,1,1,2,2,1,1
9213,111,0.578324,468,258,254,252,0,0,8,6,255,255,59,43,0,0,176.949641,102.412547,81.774,54.659801,0,0,0,0,1,0,0,0,1,1,1,1,1,1,1
46097,111,0.622301,392,182,254,252,2,1,6,4,255,255,65,46,0,0,1081.653974,290.347938,21.5956,205.312,0.050509,0.006362,0.044147,0,4,0,0,0,1,1,1,1,1,1,1
24091,111,0.000005,168,0,254,0,0,0,2,0,0,0,84,0,0,0,0,0,0.005,0,0,0,0,0,2,0,0,0,2,1,1,1,1,1,1
34042,111,0.054602,192,96,254,252,1,1,4,2,255,255,48,48,0,0,996.360232,0,18.200667,0.008,0.054574,0.007092,0.047482,0,4,0,0,0,1,1,1,1,1,1,1
14630,111,0.63,564,354,254,252,2,1,10,8,255,255,56,44,0,0,5370.084828,141.055922,70,88.281711,0.05468,0.007747,0.046933,0,1,0,0,0,2,1,1,1,1,1,1
40765,111,0.000007,168,0,254,0,0,0,2,0,0,0,84,0,0,0,0,0,0.007,0,0,0,0,0,2,0,0,0,1,2,1,1,1,1,1
9110,111,0.000005,168,0,254,0,0,0,2,0,0,0,84,0,0,0,0,0,0.005,0,0,0,0,0,2,0,0,0,2,1,1,2,1,1,1
38361,111,0.638513,364,354,254,252,1,1,8,8,255,255,46,44,0,0,7026.600048,135.103312,90.188426,89.39843,0.032487,0.01272,0.019767,0,1,0,0,0,3,1,1,1,1,1,1
53011,80,0.538566,838,268,254,252,2,1,10,6,255,255,84,45,0,0,4410.182408,56.22543,56.402111,36.519,0.410264,0.35596,0.054304,0,1,0,0,0,1,1,1,1,1,1,1
24007,111,0.000011,168,0,254,0,0,0,2,0,0,0,84,0,0,0,0,0,0.011,0,0,0,0,0,2,0,0,0,2,1,1,2,1,1,1
5038,111,0.642848,564,354,254,252,2,1,10,8,255,255,56,44,0,0,5478.607689,134.856484,70.704667,88.820289,0.032356,0.021102,0.011254,0,1,0,0,0,3,2,1,1,1,1,1
26878,111,0.667101,564,354,254,252,2,1,10,8,255,255,56,44,0,0,5442.16682,136.684844,74.122333,94.205711,0.055273,0.00672,0.048553,0,1,0,0,0,2,1,1,1,1,1,1
10688,80,0.163853,840,182,254,252,1,1,8,4,255,255,105,46,0,0,25.261254,73.256023,17.005,51.805332,0,0,0,0,1,0,0,0,1,1,1,1,1,1,1
34013,111,0.000003,168,0,254,0,0,0,2,0,0,0,84,0,0,0,0,0,0.003,0,0,0,0,0,2,0,0,0,1,1,1,1,1,1,1
48415,111,0.671189,564,354,254,252,2,1,10,8,255,255,56,44,0,0,5499.903343,125.242969,69.458889,88.763141,0.098675,0.049837,0.048838,0,1,0,0,0,2,1,1,1,1,1,1
25319,111,0.000001,168,0,254,0,0,0,2,0,0,0,84,0,0,0,0,0,0.001,0,0,0,0,0,2,0,0,0,4,2,1,1,1,1,1
21562,111,0.62357,564,354,254,252,2,1,10,8,255,255,56,44,0,0,5403.720656,138.080016,68.863444,88.02057,0.051314,0.007415,0.043899,0,1,0,0,0,2,1,1,1,1,1,1
56946,111,0.000011,168,0,254,0,0,0,2,0,0,0,84,0,0,0,0,0,0.011,0,0,0,0,0,2,0,0,0,4,1,1,1,1,1,1
7530,111,0.662638,564,354,254,252,2,1,10,8,255,255,56,44,0,0,5457.066301,134.918469,71.345778,91.95957,0.034886,0.018913,0.015973,0,1,0,0,0,2,1,1,1,1,1,1
37870,111,0.632707,564,354,254,252,2,1,10,8,255,255,56,44,0,0,5449.477935,137.014047,69.730889,88.06243,0.062548,0.016259,0.046289,0,1,0,0,0,1,1,1,1,1,1,1
58330,111,0.000011,168,0,254,0,0,0,2,0,0,0,84,0,0,0,0,0,0.011,0,0,0,0,0,2,0,0,0,2,1,1,1,1,1,1
9545,111,0.000011,168,0,254,0,0,0,2,0,0,0,84,0,0,0,0,0,0.011,0,0,0,0,0,2,0,0,0,3,1,1,1,1,1,1
15692,80,0.23369,874,268,254,252,2,1,10,6,255,255,87,45,0,0,1264.848634,66.277375,25.965556,42.247602,0.076059,0.021904,0.054155,0,1,0,0,0,3,1,1,1,1,1,1
61541,80,0.254893,926,172,254,252,1,0,10,4,255,255,93,43,0,0,1286.95867,25.56191,24.937556,18.08,0,0,0,0,1,0,0,0,4,1,1,1,1,1,1
41241,111,0.000004,168,0,254,0,0,0,2,0,0,0,84,0,0,0,0,0,0.004,0,0,0,0,0,2,0,0,0,2,1,1,1,1,1,1
61545,111,0.000003,168,0,254,0,0,0,2,0,0,0,84,0,0,0,0,0,0.003,0,0,0,0,0,2,0,0,0,1,1,1,1,1,1,1
26099,111,0.688862,564,354,254,252,2,1,10,8,255,255,56,44,0,0,5718.353125,147.183984,74.755,96.169859,0.067805,0.015665,0.05214,0,1,0,0,0,2,1,1,1,1,1,1
1455,111,0.000003,168,0,254,0,0,0,2,0,0,0,84,0,0,0,0,0,0.003,0,0,0,0,0,2,0,0,0,2,1,1,1,1,1,1
7554,111,0.000012,168,0,254,0,0,0,2,0,0,0,84,0,0,0,0,0,0.012,0,0,0,0,0,2,0,0,0,1,1,1,1,1,1,1
30417,111,0.000011,168,0,254,0,0,0,2,0,0,0,84,0,0,0,0,0,0.011,0,0,0,0,0,2,0,0,0,2,2,1,1,1,1,1
63920,80,0.265691,894,268,254,252,2,1,10,6,255,255,89,45,0,0,1331.408171,57.507359,26.443333,43.061801,0.085985,0.050377,0.035608,0,1,0,0,0,5,4,2,2,1,1,2
41478,80,0.591393,734,354,254,252,2,1,10,8,255,255,73,44,0,0,4020.511819,126.899906,64.088333,72.830141,0.15589,0.081577,0.074313,0,1,0,0,0,2,1,1,1,1,1,1
6936,111,0.759946,564,354,254,252,2,1,10,8,255,255,56,44,0,0,6151.801506,155.196,84.345556,104.55943,0.072168,0.028018,0.04415,0,1,0,0,0,1,2,1,1,1,1,1
46668,111,0.808025,564,354,254,252,2,1,10,8,255,255,56,44,0,0,6214.994937,153.196156,86.009667,109.016859,0.068734,0.044906,0.023828,0,1,0,0,0,1,1,1,1,1,1,1
44900,36668,0.240026,724,268,254,252,2,1,10,6,255,255,72,45,0,0,1408.057326,70.982984,25.342889,45.208602,0.026861,0.013979,0.012882,0,1,0,0,0,1,1,1,1,1,1,1
18257,35019,0.000004,376,0,254,0,0,0,2,0,0,0,188,0,0,0,0,0,0.004,0,0,0,0,0,2,0,0,0,1,1,1,1,1,1,1
42061,59324,0.389653,732,354,254,252,2,1,10,8,255,255,73,44,0,0,2911.273623,114.352617,41.974556,52.47843,0.067166,0.022293,0.044873,0,1,0,0,0,1,1,1,1,1,1,1
3910,19757,0.189041,724,268,254,252,2,1,10,6,255,255,72,45,0,0,1018.41647,60.206754,19.367,36.397,0.051682,0.007052,0.04463,0,1,0,0,0,1,1,1,1,1,1,1
50162,21375,0.190013,720,268,254,252,2,1,10,6,255,255,72,45,0,0,992.135288,58.557875,18.610778,36.624398,0.052153,0.006885,0.045268,0,1,0,0,0,1,1,1,1,1,1,1
38706,4316,0.186056,634,268,254,252,2,1,10,6,255,255,63,45,0,0,995.709839,58.426707,18.845111,35.353,0.056565,0.009288,0.047277,0,1,0,0,0,2,1,1,1,1,1,1
10523,11353,0.00001,352,0,254,0,0,0,2,0,0,0,176,0,0,0,0,0,0.01,0,0,0,0,0,2,0,0,0,1,1,1,1,1,1,1
35067,4354,0.000011,256,0,254,0,0,0,2,0,0,0,128,0,0,0,0,0,0.011,0,0,0,0,0,2,0,0,0,1,1,1,1,1,1,1
59451,34049,0.170426,728,268,254,252,2,1,10,6,255,255,73,45,0,0,973.004027,50.635605,17.563778,31.299199,0.033915,0.013919,0.019996,0,1,0,0,0,1,1,1,1,1,1,1
11926,37552,0.218966,524,268,254,252,2,1,10,6,255,255,52,45,0,0,1130.226077,54.448754,22.202667,40.167,0.032263,0.018123,0.01414,0,1,0,0,0,2,2,1,1,1,1,1
3881,58964,0.000006,142,0,254,0,0,0,2,0,0,0,71,0,0,0,0,0,0.006,0,0,0,0,0,2,0,0,0,1,1,1,1,1,1,1
46216,16596,0.000001,224,0,254,0,0,0,2,0,0,0,112,0,0,0,0,0,0.001,0,0,0,0,0,2,0,0,0,7,1,1,3,1,1,1
37461,40651,0.000005,806,0,254,0,0,0,2,0,0,0,403,0,0,0,0,0,0.005,0,0,0,0,0,2,0,0,0,7,1,1,2,1,1,1
34905,8433,0.000011,486,0,254,0,0,0,2,0,0,0,243,0,0,0,0,0,0.011,0,0,0,0,0,2,0,0,0,9,1,1,4,1,1,1
45952,28584,0.896774,982,268,254,252,2,1,10,6,255,255,98,45,0,0,5118.09788,270.411656,99.577111,162.512406,0.303198,0.084201,0.218997,0,1,0,0,0,6,4,2,3,1,1,1
12080,43654,4.789434,532,354,254,252,2,1,10,8,255,255,53,44,0,0,34814.81936,1025.265063,532.159333,651.152312,0.389453,0.230479,0.158974,0,1,0,0,0,2,1,1,1,1,1,1
1216,55875,0.657179,912,268,254,252,2,1,10,6,255,255,91,45,0,0,3653.816005,176.373078,70.791111,112.969203,0.17149,0.092331,0.079159,0,1,0,0,0,8,1,1,2,1,1,1
30886,24171,0.463979,748,268,254,252,2,1,10,6,255,255,75,45,0,0,2597.720197,115.56825,51.535556,75.434797,0.170791,0.086804,0.083987,0,1,0,0,0,1,3,2,1,1,1,1
18323,6371,0.000012,630,0,254,0,0,0,2,0,0,0,315,0,0,0,0,0,0.012,0,0,0,0,0,2,0,0,0,3,2,2,1,1,1,1
62567,28149,1.858236,764,354,254,252,2,1,10,8,255,255,76,44,0,0,13724.70675,362.711719,201.374,251.426578,0.194958,0.09824,0.096718,0,1,0,0,0,4,2,1,2,1,1,1
2857,63572,0.665135,520,268,254,252,2,1,10,6,255,255,52,45,0,0,3669.137469,164.337734,70.017444,110.979,0.238031,0.11023,0.127801,0,1,0,0,0,2,2,1,1,1,1,1
6301,27135,1.248376,1132,354,254,252,2,1,10,8,255,255,113,44,0,0,7270.041584,305.569219,134.302,155.125719,0.257316,0.162486,0.09483,0,1,0,0,0,2,2,2,2,1,1,1
51085,8776,0.000011,212,0,254,0,0,0,2,0,0,0,106,0,0,0,0,0,0.011,0,0,0,0,0,2,0,0,0,4,3,2,3,1,1,2
14417,14098,0.47278,544,268,254,252,2,1,10,6,255,255,54,45,0,0,2641.925853,102.384578,52.429667,69.767797,0.18331,0.12394,0.05937,0,1,0,0,0,1,2,1,1,1,1,1
34086,11005,0.000007,110,0,254,0,0,0,2,0,0,0,55,0,0,0,0,0,0.007,0,0,0,0,0,2,0,0,0,7,2,1,2,1,1,1
38197,3543,0.532256,610,268,254,252,2,1,10,6,255,255,61,45,0,0,3015.428754,122.100727,55.043889,90.571602,0.201285,0.079392,0.121893,0,1,0,0,0,1,1,1,1,1,1,1
26201,56598,0.000004,320,0,254,0,0,0,2,0,0,0,160,0,0,0,0,0,0.004,0,0,0,0,0,2,0,0,0,6,1,1,4,1,1,1
51813,41864,0.000006,524,0,254,0,0,0,2,0,0,0,262,0,0,0,0,0,0.006,0,0,0,0,0,2,0,0,0,1,6,1,1,1,1,1
27421,45448,0.000004,744,0,254,0,0,0,2,0,0,0,372,0,0,0,0,0,0.004,0,0,0,0,0,2,0,0,0,1,1,1,2,1,1,1
39549,12625,0.907371,668,354,254,252,2,1,10,8,255,255,67,44,0,0,5522.021038,167.241187,96.814444,98.346141,0.318425,0.218942,0.099483,0,1,0,0,0,7,3,1,4,1,1,1
11620,47310,0.000004,238,0,254,0,0,0,2,0,0,0,119,0,0,0,0,0,0.004,0,0,0,0,0,2,0,0,0,2,1,1,2,1,1,1
9665,29348,0.000007,116,0,254,0,0,0,2,0,0,0,58,0,0,0,0,0,0.007,0,0,0,0,0,2,0,0,0,1,1,1,2,1,1,1
50068,27632,13.154288,502,354,254,252,2,1,10,8,255,255,50,44,0,0,107007.4347,3271.90025,1461.587556,1873.13025,0.121404,0.041701,0.079703,0,1,0,0,0,2,1,1,1,1,1,1
59257,51169,0.420153,1078,268,254,252,2,1,10,6,255,255,108,45,0,0,2542.702092,121.519805,45.470111,74.449602,0.088732,0.047898,0.040834,0,1,0,0,0,2,1,1,1,1,1,1
21338,53383,0.000006,504,0,254,0,0,0,2,0,0,0,252,0,0,0,0,0,0.006,0,0,0,0,0,2,0,0,0,4,3,1,2,1,1,1
61626,3265,0.000002,308,0,254,0,0,0,2,0,0,0,154,0,0,0,0,0,0.002,0,0,0,0,0,2,0,0,0,7,4,1,2,1,1,1
22005,33685,0.000004,340,0,254,0,0,0,2,0,0,0,170,0,0,0,0,0,0.004,0,0,0,0,0,2,0,0,0,3,3,2,2,1,1,2
46105,53597,0.468924,584,268,254,252,2,1,10,6,255,255,58,45,0,0,2540.084574,102.465563,46.641556,72.322203,0.19097,0.107302,0.083668,0,1,0,0,0,7,1,1,3,1,1,1
8835,39083,0.000011,494,0,254,0,0,0,2,0,0,0,247,0,0,0,0,0,0.011,0,0,0,0,0,2,0,0,0,13,1,1,2,1,1,1
14308,62557,0.624621,1018,268,254,252,2,1,10,6,255,255,102,45,0,0,3848.721728,175.964594,69.243333,112.090398,0.163055,0.064162,0.098893,0,1,0,0,0,5,6,2,2,1,1,2
38794,8858,0.443259,600,268,254,252,2,1,10,6,255,255,60,45,0,0,2222.266505,91.281344,45.561778,74.019398,0.111295,0.07316,0.038135,0,1,0,0,0,7,1,1,2,1,1,1
5867,58824,0.790706,572,354,254,252,2,1,10,8,255,255,57,44,0,0,5763.075629,148.673516,83.171556,102.68843,0.132024,0.071879,0.060145,0,1,0,0,0,2,2,1,1,1,1,1
9291,5837,0.53483,644,268,254,252,2,1,10,6,255,255,64,45,0,0,3008.45914,123.096961,59.425556,82.997398,0.207335,0.11909,0.088245,0,1,0,0,0,1,8,2,1,1,1,1
55400,61865,0.000001,300,0,254,0,0,0,2,0,0,0,150,0,0,0,0,0,0.001,0,0,0,0,0,2,0,0,0,1,1,1,1,1,1,1
65018,14115,0.566942,504,354,254,252,2,1,10,8,255,255,50,44,0,0,3765.239038,110.410195,56.549222,69.423141,0.119112,0.080976,0.038136,0,1,0,0,0,20,9,3,3,1,1,3
60559,23726,0.00001,196,0,254,0,0,0,2,0,0,0,98,0,0,0,0,0,0.01,0,0,0,0,0,2,0,0,0,9,1,1,4,1,1,1
33758,52645,0.00001,148,0,254,0,0,0,2,0,0,0,74,0,0,0,0,0,0.01,0,0,0,0,0,2,0,0,0,1,1,1,1,1,1,1
45292,25269,0.000013,754,0,254,0,0,0,2,0,0,0,377,0,0,0,0,0,0.013,0,0,0,0,0,2,0,0,0,1,6,2,1,1,1,1
6709,63397,0.000005,156,0,254,0,0,0,2,0,0,0,78,0,0,0,0,0,0.005,0,0,0,0,0,2,0,0,0,1,1,1,1,1,1,1
39971,11387,0.000001,336,0,254,0,0,0,2,0,0,0,168,0,0,0,0,0,0.001,0,0,0,0,0,2,0,0,0,6,1,1,2,1,1,1
59576,1494,0.253893,604,268,254,252,2,1,10,6,255,255,60,45,0,0,1312.417678,64.585863,26.675889,45.034602,0.081745,0.02871,0.053035,0,1,0,0,0,1,2,1,1,1,1,1
16634,53393,0.184967,590,268,254,252,2,1,10,6,255,255,59,45,0,0,1002.929702,57.510012,18.884444,34.484199,0.05776,0.012539,0.045221,0,1,0,0,0,1,1,1,1,1,1,1
58108,28636,0.19989,804,268,254,252,2,1,10,6,255,255,80,45,0,0,1070.717913,62.148621,20.270444,38.193,0.06485,0.008921,0.055929,0,1,0,0,0,1,1,1,1,1,1,1
9177,21026,0.00001,216,0,254,0,0,0,2,0,0,0,108,0,0,0,0,0,0.01,0,0,0,0,0,2,0,0,0,2,2,1,1,1,1,1
26415,46744,0.000004,130,0,254,0,0,0,2,0,0,0,65,0,0,0,0,0,0.004,0,0,0,0,0,2,0,0,0,1,1,1,1,1,1,1
10953,56420,0.00001,120,0,254,0,0,0,2,0,0,0,60,0,0,0,0,0,0.01,0,0,0,0,0,2,0,0,0,1,1,1,1,1,1,1
65129,16876,0.000011,132,0,254,0,0,0,2,0,0,0,66,0,0,0,0,0,0.011,0,0,0,0,0,2,0,0,0,2,1,1,1,1,1,1
19408,31643,0.180735,536,268,254,252,2,1,10,6,255,255,54,45,0,0,990.290969,59.106164,18.491889,34.770199,0.05082,0.006873,0.043947,0,1,0,0,0,2,1,1,2,1,1,1
21536,2930,0.180194,502,268,254,252,2,1,10,6,255,255,50,45,0,0,980.819755,59.084387,18.374556,34.736398,0.051799,0.006509,0.04529,0,1,0,0,0,1,1,1,1,1,1,1
62680,33278,0.179235,740,268,254,252,2,1,10,6,255,255,74,45,0,0,976.724148,58.480988,18.242556,34.572602,0.052194,0.00637,0.045824,0,1,0,0,0,1,1,1,1,1,1,1
7369,5081,0.000011,1474,0,254,0,0,0,2,0,0,0,737,0,0,0,0,0,0.011,0,0,0,0,0,2,0,0,0,2,2,1,1,1,1,1
36941,38624,0.000011,336,0,254,0,0,0,2,0,0,0,168,0,0,0,0,0,0.011,0,0,0,0,0,2,0,0,0,1,1,1,1,1,1,1
28911,15556,0.388303,508,354,254,252,2,1,10,8,255,255,51,44,0,0,2939.809904,110.437008,41.573778,52.19743,0.068905,0.022917,0.045988,0,1,0,0,0,2,1,1,2,1,1,1
40722,56077,0.000009,202,0,254,0,0,0,2,0,0,0,101,0,0,0,0,0,0.009,0,0,0,0,0,2,0,0,0,1,1,1,1,1,1,1
13043,16502,0.00001,174,0,254,0,0,0,2,0,0,0,87,0,0,0,0,0,0.01,0,0,0,0,0,2,0,0,0,2,1,1,1,1,1,1
5323,18667,0.190439,892,268,254,252,2,1,10,6,255,255,89,45,0,0,1055.218033,62.358531,19.617889,36.497199,0.053739,0.007948,0.045791,0,1,0,0,0,3,1,1,1,1,1,1
38796,16890,0.000011,176,0,254,0,0,0,2,0,0,0,88,0,0,0,0,0,0.011,0,0,0,0,0,2,0,0,0,1,1,1,1,1,1,1
31011,14681,0.000004,322,0,254,0,0,0,2,0,0,0,161,0,0,0,0,0,0.004,0,0,0,0,0,2,0,0,0,1,1,1,1,1,1,1
23233,42478,0.000012,298,0,254,0,0,0,2,0,0,0,149,0,0,0,0,0,0.012,0,0,0,0,0,2,0,0,0,7,1,1,2,1,1,1
43095,59145,0.484309,518,354,254,252,2,1,10,8,255,255,52,44,0,0,3416.369448,110.572922,51.159778,63.813285,0.103645,0.037609,0.066036,0,1,0,0,0,1,1,1,1,1,1,1
39004,33055,0.207204,724,268,254,252,2,1,10,6,255,255,72,45,0,0,1080.012777,61.460754,20.653778,39.084199,0.061588,0.011772,0.049816,0,1,0,0,0,2,1,1,1,1,1,1
44759,45806,0.213747,628,268,254,252,2,1,10,6,255,255,63,45,0,0,1124.125261,63.745566,21.396556,40.454602,0.06804,0.011463,0.056577,0,1,0,0,0,1,1,1,1,1,1,1
50247,13531,0.000012,208,0,254,0,0,0,2,0,0,0,104,0,0,0,0,0,0.012,0,0,0,0,0,2,0,0,0,2,1,1,1,1,1,1
53760,2317,0.23462,1142,268,254,252,2,1,10,6,255,255,114,45,0,0,1236.778735,64.445562,26.068889,44.845398,0.05812,0.009326,0.048794,0,1,0,0,0,2,1,1,1,1,1,1
35221,46824,0.325821,542,268,254,252,2,1,10,6,255,255,54,45,0,0,1688.522688,87.27843,34.247,58.482398,0.080352,0.033405,0.046947,0,1,0,0,0,2,1,1,1,1,1,1
54661,14619,0.000005,250,0,254,0,0,0,2,0,0,0,125,0,0,0,0,0,0.005,0,0,0,0,0,2,0,0,0,1,1,1,1,1,1,1
47632,42054,0.179328,642,268,254,252,2,1,10,6,255,255,64,45,0,0,986.164205,59.701047,18.371111,34.733398,0.049219,0.005636,0.043583,0,1,0,0,0,1,1,1,1,1,1,1
35988,21922,0.000006,194,0,254,0,0,0,2,0,0,0,97,0,0,0,0,0,0.006,0,0,0,0,0,2,0,0,0,4,1,1,1,1,1,1
10875,48968,0.000011,464,0,254,0,0,0,2,0,0,0,232,0,0,0,0,0,0.011,0,0,0,0,0,2,0,0,0,2,1,1,1,1,1,1
55506,8778,0.208074,1332,268,254,252,2,1,10,6,255,255,133,45,0,0,1077.30649,62.272383,21.161778,39.657801,0.057664,0.009778,0.047886,0,1,0,0,0,2,1,1,1,1,1,1
46071,54812,0.000012,630,0,254,0,0,0,2,0,0,0,315,0,0,0,0,0,0.012,0,0,0,0,0,2,0,0,0,2,2,1,1,1,1,1
30529,16843,0.000004,144,0,254,0,0,0,2,0,0,0,72,0,0,0,0,0,0.004,0,0,0,0,0,2,0,0,0,1,1,1,1,1,1,1
37898,46776,0.00001,344,0,254,0,0,0,2,0,0,0,172,0,0,0,0,0,0.01,0,0,0,0,0,2,0,0,0,2,1,1,1,1,1,1
65405,3602,0.000008,1448,0,254,0,0,0,2,0,0,0,724,0,0,0,0,0,0.008,0,0,0,0,0,2,0,0,0,2,1,1,1,1,1,1
65193,11760,0.202433,1018,268,254,252,2,1,10,6,255,255,102,45,0,0,1169.593219,53.100871,21.381556,32.618,0.085814,0.039338,0.046476,0,1,0,0,0,1,1,1,1,1,1,1
63435,38975,2.774108,748,354,254,252,2,1,10,8,255,255,75,44,0,0,19681.00722,637.737562,308.234222,388.181719,0.097746,0.056098,0.041648,0,1,0,0,0,1,1,1,1,1,1,1
42764,56166,0.173632,552,268,254,252,2,1,10,6,255,255,55,45,0,0,929.255789,35.707152,17.916778,24.9556,0.063446,0.04883,0.014616,0,1,0,0,0,1,1,1,1,1,1,1
57715,36678,0.000004,142,0,254,0,0,0,2,0,0,0,71,0,0,0,0,0,0.004,0,0,0,0,0,2,0,0,0,2,1,1,2,1,1,1
47364,7631,0.000011,210,0,254,0,0,0,2,0,0,0,105,0,0,0,0,0,0.011,0,0,0,0,0,2,0,0,0,1,1,1,1,1,1,1
58651,3446,0.000002,944,0,254,0,0,0,2,0,0,0,472,0,0,0,0,0,0.002,0,0,0,0,0,2,0,0,0,2,2,1,1,1,1,1
22113,54319,0.000021,416,0,254,0,0,0,2,0,0,0,208,0,0,0,0,0,0.021,0,0,0,0,0,2,0,0,0,1,1,1,1,1,1,1
61027,22056,0.52899,568,354,254,252,2,1,10,8,255,255,57,44,0,0,3488.427905,113.91843,54.700111,69.44457,0.101599,0.04287,0.058729,0,1,0,0,0,1,1,1,1,1,1,1
53285,26669,0.00001,406,0,254,0,0,0,2,0,0,0,203,0,0,0,0,0,0.01,0,0,0,0,0,2,0,0,0,5,1,1,4,1,1,1
23545,7824,0.327394,684,268,254,252,2,1,10,6,255,255,68,45,0,0,1822.694494,74.228172,36.377111,51.365199,0.111669,0.069876,0.041793,0,1,0,0,0,3,1,1,2,1,1,1
18068,42884,0.317344,1018,268,254,252,2,1,10,6,255,255,102,45,0,0,1777.208388,72.895781,32.989222,52.885602,0.130611,0.052906,0.077705,0,1,0,0,0,2,1,1,1,1,1,1
26946,26502,0.363437,1862,268,254,252,2,1,10,6,255,255,186,45,0,0,1780.876751,76.162742,33.852,60.156602,0.121637,0.062651,0.058986,0,1,0,0,0,1,1,1,1,1,1,1
55352,9049,0.304071,562,268,254,252,2,1,10,6,255,255,56,45,0,0,1563.800731,73.905258,31.834111,52.404199,0.087226,0.042045,0.045181,0,1,0,0,0,1,1,1,1,1,1,1
20318,14455,0.464537,582,268,254,252,2,1,10,6,255,255,58,45,0,0,2529.111458,117.485938,48.635,75.437,0.16636,0.087349,0.079011,0,1,0,0,0,2,1,1,1,1,1,1
43451,64561,0.334594,874,268,254,252,2,1,10,6,255,255,87,45,0,0,1771.871324,82.439398,32.805889,59.408398,0.10453,0.037545,0.066985,0,1,0,0,0,1,1,1,1,1,1,1
4526,23028,0.000004,164,0,254,0,0,0,2,0,0,0,82,0,0,0,0,0,0.004,0,0,0,0,0,2,0,0,0,1,1,1,1,1,1,1
7663,19255,0.255185,852,268,254,252,2,1,10,6,255,255,85,45,0,0,1277.655297,69.030242,25.505889,47.404602,0.068141,0.01815,0.049991,0,1,0,0,0,1,2,1,1,1,1,1
45731,21814,0.000005,114,0,254,0,0,0,2,0,0,0,57,0,0,0,0,0,0.005,0,0,0,0,0,2,0,0,0,4,1,1,1,1,1,1
31331,21148,0.179801,576,268,254,252,2,1,10,6,255,255,58,45,0,0,990.213303,56.04393,18.502333,32.834801,0.06071,0.015622,0.045088,0,1,0,0,0,1,1,1,1,1,1,1
49479,52814,0.217984,558,268,254,252,2,1,10,6,255,255,56,45,0,0,1149.510387,60.458258,24.220444,41.281199,0.058407,0.01091,0.047497,0,1,0,0,0,1,2,1,1,1,1,1
14036,23320,0.000013,500,0,254,0,0,0,2,0,0,0,250,0,0,0,0,0,0.013,0,0,0,0,0,2,0,0,0,1,1,1,1,1,1,1
22787,49693,1.335431,518,354,254,252,2,1,10,8,255,255,52,44,0,0,10464.59332,254.646141,148.283333,175.808859,0.168804,0.104764,0.06404,0,1,0,0,0,2,5,2,1,1,1,1
41694,52759,0.859072,696,354,254,252,2,1,10,8,255,255,70,44,0,0,5599.117001,231.334984,93.160333,114.23557,0.078939,0.059412,0.019527,0,1,0,0,0,19,1,1,5,1,1,1
8304,12510,0.330257,564,268,254,252,2,1,10,6,255,255,56,45,0,0,1708.500599,74.604867,31.344333,54.119602,0.10806,0.059652,0.048408,0,1,0,0,0,2,1,1,2,1,1,1
61499,34931,0.323824,840,268,254,252,2,1,10,6,255,255,84,45,0,0,1676.797584,77.558297,33.244111,54.703602,0.093885,0.050296,0.043589,0,1,0,0,0,2,1,1,1,1,1,1
55362,32478,0.000001,312,0,254,0,0,0,2,0,0,0,156,0,0,0,0,0,0.001,0,0,0,0,0,2,0,0,0,10,2,1,6,1,1,1
56114,12400,0.596564,490,354,254,252,2,1,10,8,255,255,49,44,0,0,3910.774501,138.017891,59.506778,79.118,0.103737,0.042734,0.061003,0,1,0,0,0,4,10,3,2,1,1,1
50552,19680,0.000008,360,0,254,0,0,0,2,0,0,0,180,0,0,0,0,0,0.008,0,0,0,0,0,2,0,0,0,1,1,4,1,1,1,1
15015,17525,0.380605,530,268,254,252,2,1,10,6,255,255,53,45,0,0,2089.180048,78.804812,36.795889,57.992199,0.166395,0.090633,0.075762,0,1,0,0,0,2,1,1,1,1,1,1
38965,29063,0.346078,542,268,254,252,2,1,10,6,255,255,54,45,0,0,1927.338492,91.344898,38.356444,57.264602,0.109033,0.059745,0.049288,0,1,0,0,0,6,1,1,2,1,1,1
28203,62285,1.019988,686,354,254,252,2,1,10,8,255,255,69,44,0,0,6148.969607,252.755016,111.455222,131.902422,0.147186,0.096661,0.050525,0,1,0,0,0,1,6,2,2,1,1,1
20165,33060,0.51584,324,182,254,252,1,1,7,4,255,255,46,46,0,0,3935.72148,189.409391,76.339503,133.939672,0.183178,0.114015,0.069163,0,1,0,0,0,1,2,1,1,1,1,1
20898,20168,0.446818,708,268,254,252,2,1,10,6,255,255,71,45,0,0,2554.650181,112.291852,46.676111,75.080398,0.164876,0.071412,0.093464,0,1,0,0,0,1,1,1,1,1,1,1
54155,33107,0.000001,226,0,254,0,0,0,2,0,0,0,113,0,0,0,0,0,0.001,0,0,0,0,0,2,0,0,0,1,1,1,8,1,1,1
65256,29403,0.000011,744,0,254,0,0,0,2,0,0,0,372,0,0,0,0,0,0.011,0,0,0,0,0,2,0,0,0,1,1,1,4,1,1,1
49637,26188,0.000005,188,0,254,0,0,0,2,0,0,0,94,0,0,0,0,0,0.005,0,0,0,0,0,2,0,0,0,1,1,1,2,1,1,1
38282,12621,0.000008,744,0,254,0,0,0,2,0,0,0,372,0,0,0,0,0,0.008,0,0,0,0,0,2,0,0,0,5,1,3,2,1,1,1
58908,34384,0.43182,624,268,254,252,2,1,10,6,255,255,62,45,0,0,2391.814269,113.2935,45.674556,68.49,0.132135,0.089359,0.042776,0,1,0,0,0,1,1,1,1,1,1,1
1229,39545,0.219843,632,268,254,252,2,1,10,6,255,255,63,45,0,0,1245.069513,64.729012,24.333778,39.056801,0.078572,0.024548,0.054024,0,1,0,0,0,9,1,1,11,1,1,1
37428,8861,0.451422,626,268,254,252,2,1,10,6,255,255,63,45,0,0,2541.014562,130.091187,50.158,76.796398,0.096585,0.066828,0.029757,0,1,0,0,0,8,1,1,11,1,1,1
36803,22218,0.000012,232,0,254,0,0,0,2,0,0,0,116,0,0,0,0,0,0.012,0,0,0,0,0,2,0,0,0,1,1,1,1,1,1,1
27952,18820,0.642701,598,354,254,252,2,1,10,8,255,255,60,44,0,0,4399.7552,119.756906,71.411222,78.960141,0.1348,0.089358,0.045442,0,1,0,0,0,1,1,1,2,1,1,1
33552,63607,0.000005,536,0,254,0,0,0,2,0,0,0,268,0,0,0,0,0,0.005,0,0,0,0,0,2,0,0,0,1,4,2,1,1,1,1
37926,51767,0.286459,924,268,254,252,2,1,10,6,255,255,92,45,0,0,1573.8973,65.952187,29.549,45.068398,0.105914,0.061107,0.044807,0,1,0,0,0,6,1,1,2,1,1,1
33728,10526,0.000011,184,0,254,0,0,0,2,0,0,0,92,0,0,0,0,0,0.011,0,0,0,0,0,2,0,0,0,6,1,1,6,1,1,1
4355,30236,0.949367,726,354,254,252,2,1,10,8,255,255,73,44,0,0,6426.571147,190.849516,102.346444,126.74443,0.143728,0.062155,0.081573,0,1,0,0,0,6,1,1,2,1,1,1
5236,60253,0.000003,244,0,254,0,0,0,2,0,0,0,122,0,0,0,0,0,0.003,0,0,0,0,0,2,0,0,0,1,1,1,1,1,1,1
20576,24384,0.000007,166,0,254,0,0,0,2,0,0,0,83,0,0,0,0,0,0.007,0,0,0,0,0,2,0,0,0,1,1,1,1,1,1,1
7921,16091,1.043635,588,354,254,252,2,1,10,8,255,255,59,44,0,0,6597.300227,221.016,115.859,136.998,0.140746,0.084645,0.056101,0,1,0,0,0,5,1,1,2,1,1,1
59357,43327,0.76265,500,354,254,252,2,1,10,8,255,255,50,44,0,0,5001.604883,144.235141,81.779444,90.68657,0.197699,0.127822,0.069877,0,1,0,0,0,1,1,1,1,1,1,1
7172,53956,0.000012,690,0,254,0,0,0,2,0,0,0,345,0,0,0,0,0,0.012,0,0,0,0,0,2,0,0,0,4,1,1,2,1,1,1
17490,59706,0.379294,358,96,254,252,2,1,6,2,255,255,60,48,0,0,3800.778933,0,75.8588,0.011,0.202535,0.103102,0.099433,0,4,0,0,0,2,1,1,1,1,1,1
37775,54470,0.000003,520,0,254,0,0,0,2,0,0,0,260,0,0,0,0,0,0.003,0,0,0,0,0,2,0,0,0,8,1,1,4,1,1,1
62516,28520,1.010406,1194,354,254,252,2,1,10,8,255,255,119,44,0,0,6451.740365,216.029687,112.163222,132.521422,0.183706,0.082749,0.100957,0,1,0,0,0,6,1,1,1,1,1,1
2146,14624,0.00001,336,0,254,0,0,0,2,0,0,0,168,0,0,0,0,0,0.01,0,0,0,0,0,2,0,0,0,2,2,2,1,1,1,1
59217,61114,2.528676,582,354,254,252,2,1,10,8,255,255,58,44,0,0,18894.1508,545.073,278.614889,353.727438,0.095119,0.052574,0.042545,0,1,0,0,0,1,1,1,1,1,1,1
54968,18534,0.000018,350,0,254,0,0,0,2,0,0,0,175,0,0,0,0,0,0.018,0,0,0,0,0,2,0,0,0,1,1,1,2,1,1,1
34127,51918,0.000011,254,0,254,0,0,0,2,0,0,0,127,0,0,0,0,0,0.011,0,0,0,0,0,2,0,0,0,2,1,1,3,1,1,1
40339,35788,0.56016,796,182,254,252,2,1,8,4,255,255,100,46,0,0,4256.693459,222.793797,80.022859,157.546,0.07476,0.04072,0.03404,0,1,0,0,0,2,3,1,1,1,1,1
47102,40046,0.000004,240,0,254,0,0,0,2,0,0,0,120,0,0,0,0,0,0.004,0,0,0,0,0,2,0,0,0,5,1,1,2,1,1,1
59821,18810,0.807595,570,354,254,252,2,1,10,8,255,255,57,44,0,0,5179.04339,228.540734,89.631778,110.84857,0.095811,0.031653,0.064158,0,1,0,0,0,1,7,2,4,1,1,1
6300,30466,0.00001,416,0,254,0,0,0,2,0,0,0,208,0,0,0,0,0,0.01,0,0,0,0,0,2,0,0,0,6,1,1,2,1,1,1
3640,62659,0.00001,236,0,254,0,0,0,2,0,0,0,118,0,0,0,0,0,0.01,0,0,0,0,0,2,0,0,0,3,1,2,4,1,1,1
55746,60994,0.000004,332,0,254,0,0,0,2,0,0,0,166,0,0,0,0,0,0.004,0,0,0,0,0,2,0,0,0,5,1,1,2,1,1,1
14441,36399,0.000007,250,0,254,0,0,0,2,0,0,0,125,0,0,0,0,0,0.007,0,0,0,0,0,2,0,0,0,2,1,1,1,1,1,1
22063,7079,0.409373,1836,268,254,252,2,1,10,6,255,255,184,45,0,0,1781.490464,90.83043,36.39,73.655602,0.099419,0.041085,0.058334,0,1,0,0,0,6,1,1,2,1,1,1
14800,14644,0.629471,536,354,254,252,2,1,10,8,255,255,54,44,0,0,4127.55859,139.403703,66.413889,82.072711,0.146081,0.054956,0.091125,0,1,0,0,0,1,4,2,1,1,1,1
24278,52846,0.282834,908,268,254,252,2,1,10,6,255,255,91,45,0,0,1532.903053,71.231062,30.838778,47.611398,0.063531,0.044771,0.01876,0,1,0,0,0,3,1,1,3,1,1,1
45194,13064,0.455311,590,354,254,252,2,1,10,8,255,255,59,44,0,0,3211.358487,111.150891,48.189,59.254285,0.099538,0.040528,0.05901,0,1,0,0,0,1,1,1,1,1,1,1
26517,34573,0.000002,148,0,254,0,0,0,2,0,0,0,74,0,0,0,0,0,0.002,0,0,0,0,0,2,0,0,0,1,1,1,1,1,1,1
2819,1838,0.000005,200,0,254,0,0,0,2,0,0,0,100,0,0,0,0,0,0.005,0,0,0,0,0,2,0,0,0,1,1,1,1,1,1,1
37894,11995,0.404055,638,268,254,252,2,1,10,6,255,255,64,45,0,0,2270.266013,97.268867,41.524667,69.743797,0.181259,0.055325,0.125934,0,1,0,0,0,1,1,1,4,1,1,1
9336,50158,0.365229,580,268,254,252,2,1,10,6,255,255,58,45,0,0,2924.59671,130.065656,40.493111,69.038797,0.045512,0.020023,0.025489,0,1,0,0,0,2,3,1,2,1,1,1
16355,64096,0.000005,704,0,254,0,0,0,2,0,0,0,352,0,0,0,0,0,0.005,0,0,0,0,0,2,0,0,0,2,1,1,2,1,1,1
39056,20159,0.313627,1012,268,254,252,2,1,10,6,255,255,101,45,0,0,1685.555946,78.069812,34.847444,51.800398,0.071261,0.053999,0.017262,0,1,0,0,0,1,1,1,1,1,1,1
58767,51123,0.000011,142,0,254,0,0,0,2,0,0,0,71,0,0,0,0,0,0.011,0,0,0,0,0,2,0,0,0,1,2,1,5,1,1,1
27591,15948,0.253219,700,268,254,252,2,1,10,6,255,255,70,45,0,0,1368.779667,58.167551,25.836333,41.400199,0.103127,0.046184,0.056943,0,1,0,0,0,2,1,1,1,1,1,1
1113,38611,0.000012,594,0,254,0,0,0,2,0,0,0,297,0,0,0,0,0,0.012,0,0,0,0,0,2,0,0,0,1,1,1,4,1,1,1
33731,54870,0.552881,804,354,254,252,2,1,10,8,255,255,80,44,0,0,4280.413011,140.778344,61.412778,76.272141,0.037521,0.018965,0.018556,0,1,0,0,0,1,1,1,1,1,1,1
26104,40319,0.445475,620,354,254,252,2,1,10,8,255,255,62,44,0,0,3078.530282,121.641563,49.497222,62.013285,0.066866,0.010697,0.056169,0,1,0,0,0,1,2,1,1,1,1,1
53946,41082,0.000008,690,0,254,0,0,0,2,0,0,0,345,0,0,0,0,0,0.008,0,0,0,0,0,2,0,0,0,2,1,1,1,1,1,1
38234,62649,0.000007,630,0,254,0,0,0,2,0,0,0,315,0,0,0,0,0,0.007,0,0,0,0,0,2,0,0,0,1,1,1,1,1,1,1
18178,34054,0.000011,176,0,254,0,0,0,2,0,0,0,88,0,0,0,0,0,0.011,0,0,0,0,0,2,0,0,0,4,3,1,1,1,1,1
30409,4611,0.000011,296,0,254,0,0,0,2,0,0,0,148,0,0,0,0,0,0.011,0,0,0,0,0,2,0,0,0,2,3,1,1,1,1,1
8901,42121,0.650314,614,268,254,252,2,1,10,6,255,255,61,45,0,0,3999.501804,187.067234,66.174444,116.498398,0.135055,0.067811,0.067244,0,1,0,0,0,2,1,5,5,1,1,5
43760,18656,0.474805,1132,354,254,252,2,1,10,8,255,255,113,44,0,0,3416.038987,126.330883,52.756111,61.476285,0.102556,0.029524,0.073032,0,1,0,0,0,2,1,1,1,1,1,1
44441,14654,0.3856,794,268,254,252,2,1,10,6,255,255,79,45,0,0,2114.403294,92.791805,39.347333,62.599,0.139209,0.072594,0.066615,0,1,0,0,0,3,2,1,1,1,1,1
30624,14856,0.608616,710,354,254,252,2,1,10,8,255,255,71,44,0,0,3885.798962,130.449523,60.213333,82.35243,0.107072,0.032139,0.074933,0,1,0,0,0,2,1,1,1,1,1,1
14854,45077,0.495428,888,268,254,252,2,1,10,6,255,255,89,45,0,0,2949.988924,151.090969,50.351667,93.210797,0.112222,0.029364,0.082858,0,1,0,0,0,1,1,1,1,1,1,1
3512,13843,0.00001,112,0,254,0,0,0,2,0,0,0,56,0,0,0,0,0,0.01,0,0,0,0,0,2,0,0,0,5,1,1,6,1,1,1
49794,59131,0.000014,136,0,254,0,0,0,2,0,0,0,68,0,0,0,0,0,0.014,0,0,0,0,0,2,0,0,0,2,2,2,2,1,1,1
62507,10397,0.758994,668,354,254,252,2,1,10,8,255,255,67,44,0,0,4399.61704,187.612359,84.332667,90.553711,0.182122,0.124455,0.057667,0,1,0,0,0,7,2,1,1,1,1,1
59104,7523,0.000003,154,0,254,0,0,0,2,0,0,0,77,0,0,0,0,0,0.003,0,0,0,0,0,2,0,0,0,2,1,1,2,1,1,1
42100,12107,1.414776,554,354,254,252,2,1,10,8,255,255,55,44,0,0,9192.337952,322.247375,155.517444,189.818859,0.146199,0.08604,0.060159,0,1,0,0,0,1,2,1,1,1,1,1
39208,50243,0.000007,180,0,254,0,0,0,2,0,0,0,90,0,0,0,0,0,0.007,0,0,0,0,0,2,0,0,0,6,1,1,3,1,1,1
28082,23573,1.082933,780,354,254,252,2,1,10,8,255,255,78,44,0,0,6757.0506,231.635437,116.339333,138.864422,0.190113,0.110878,0.079235,0,1,0,0,0,8,1,1,3,1,1,1
28493,32832,0.00001,222,0,254,0,0,0,2,0,0,0,111,0,0,0,0,0,0.01,0,0,0,0,0,2,0,0,0,13,2,1,5,1,1,1
1643,51243,0.000011,192,0,254,0,0,0,2,0,0,0,96,0,0,0,0,0,0.011,0,0,0,0,0,2,0,0,0,19,1,1,4,1,1,1
30709,34006,0.00001,202,0,254,0,0,0,2,0,0,0,101,0,0,0,0,0,0.01,0,0,0,0,0,2,0,0,0,7,1,1,3,1,1,1
15874,40857,1.247961,532,354,254,252,2,1,10,8,255,255,53,44,0,0,9118.941898,240.599609,135.553556,168.487141,0.14797,0.068544,0.079426,0,1,0,0,0,4,1,1,2,1,1,1
8917,63717,2.148207,564,354,254,252,2,1,10,8,255,255,56,44,0,0,14004.53488,487.100062,232.711222,289.536719,0.217427,0.121439,0.095988,0,1,0,0,0,2,1,1,1,1,1,1
7527,1477,0.411816,738,268,254,252,2,1,10,6,255,255,74,45,0,0,2145.930302,98.855508,43.055889,70.715602,0.120879,0.058234,0.062645,0,1,0,0,0,8,1,1,3,1,1,1
55902,41683,0.000004,222,0,254,0,0,0,2,0,0,0,111,0,0,0,0,0,0.004,0,0,0,0,0,2,0,0,0,3,1,1,1,1,1,1
39897,61568,1.036067,636,354,254,252,2,1,10,8,255,255,64,44,0,0,6668.717719,209.023984,111.335889,134.808281,0.161769,0.092403,0.069366,0,1,0,0,0,1,1,1,4,1,1,1
38261,48202,0.000012,656,0,254,0,0,0,2,0,0,0,328,0,0,0,0,0,0.012,0,0,0,0,0,2,0,0,0,2,5,1,1,1,1,1
22667,4734,0.000028,280,0,254,0,0,0,2,0,0,0,140,0,0,0,0,0,0.028,0,0,0,0,0,2,0,0,0,1,1,1,1,1,1,1
5806,18250,0.752632,1078,268,254,252,2,1,10,6,255,255,108,45,0,0,3950.554553,199.504063,70.486222,138.032203,0.141858,0.06246,0.079398,0,1,0,0,0,5,1,1,1,1,1,1
11473,36788,0.000011,176,0,254,0,0,0,2,0,0,0,88,0,0,0,0,0,0.011,0,0,0,0,0,2,0,0,0,6,2,1,2,1,1,1
61190,18175,0.443914,564,268,254,252,2,1,10,6,255,255,56,45,0,0,2573.806803,109.437523,47.512444,71.795797,0.194743,0.084924,0.109819,0,1,0,0,0,6,2,1,1,1,1,1
14983,54385,0.491988,612,268,254,252,2,1,10,6,255,255,61,45,0,0,2566.203087,122.509867,50.366,85.79,0.118001,0.063027,0.054974,0,1,0,0,0,6,1,1,2,1,1,1
3928,38453,0.40297,638,268,254,252,2,1,10,6,255,255,64,45,0,0,2145.977746,101.501688,41.193222,67.835398,0.149533,0.063782,0.085751,0,1,0,0,0,5,5,2,2,1,1,2
45648,9816,0.000004,170,0,254,0,0,0,2,0,0,0,85,0,0,0,0,0,0.004,0,0,0,0,0,2,0,0,0,2,1,1,1,1,1,1
36456,56984,0.000008,624,0,254,0,0,0,2,0,0,0,312,0,0,0,0,0,0.008,0,0,0,0,0,2,0,0,0,2,1,1,1,1,1,1
42073,30493,0.000013,740,0,254,0,0,0,2,0,0,0,370,0,0,0,0,0,0.013,0,0,0,0,0,2,0,0,0,2,1,1,1,1,1,1
56333,36436,0.385582,498,268,254,252,2,1,10,6,255,255,50,45,0,0,2652.188846,131.593391,41.180333,74.594398,0.04212,0.0126,0.02952,0,1,0,0,0,1,1,1,1,1,1,1
30575,62934,0.00001,240,0,254,0,0,0,2,0,0,0,120,0,0,0,0,0,0.01,0,0,0,0,0,2,0,0,0,1,2,5,5,1,1,5
43284,41564,0.706841,530,354,254,252,2,1,10,8,255,255,53,44,0,0,5250.752921,153.394703,77.248444,91.255859,0.163111,0.06804,0.095071,0,1,0,0,0,1,4,3,1,1,1,1
24397,39883,0.000011,194,0,254,0,0,0,2,0,0,0,97,0,0,0,0,0,0.011,0,0,0,0,0,2,0,0,0,1,1,1,1,1,1,1
52022,44812,0.534731,610,268,254,252,2,1,10,6,255,255,61,45,0,0,4233.962621,180.418688,58.289,97.668797,0.066407,0.046377,0.02003,0,1,0,0,0,2,1,1,1,1,1,1
62561,23561,0.000011,630,0,254,0,0,0,2,0,0,0,315,0,0,0,0,0,0.011,0,0,0,0,0,2,0,0,0,2,1,1,5,1,1,1
7631,5451,0.000001,246,0,254,0,0,0,2,0,0,0,123,0,0,0,0,0,0.001,0,0,0,0,0,2,0,0,0,2,1,1,1,1,1,1
63031,25245,0.00001,130,0,254,0,0,0,2,0,0,0,65,0,0,0,0,0,0.01,0,0,0,0,0,2,0,0,0,2,1,1,1,1,1,1
33245,32722,0.000009,182,0,254,0,0,0,2,0,0,0,91,0,0,0,0,0,0.009,0,0,0,0,0,2,0,0,0,2,3,2,1,1,1,1
3625,25590,0.000011,154,0,254,0,0,0,2,0,0,0,77,0,0,0,0,0,0.011,0,0,0,0,0,2,0,0,0,2,3,2,1,1,1,1
36744,29941,0.000005,360,0,254,0,0,0,2,0,0,0,180,0,0,0,0,0,0.005,0,0,0,0,0,2,0,0,0,1,1,1,1,1,1,1
62885,12557,0.197988,628,268,254,252,2,1,10,6,255,255,63,45,0,0,1026.457226,61.365434,19.585,38.257199,0.050751,0.006696,0.044055,0,1,0,0,0,1,2,1,1,1,1,1
59112,24455,0.000005,338,0,254,0,0,0,2,0,0,0,169,0,0,0,0,0,0.005,0,0,0,0,0,2,0,0,0,1,2,2,1,1,1,1
10051,42645,0.000011,248,0,254,0,0,0,2,0,0,0,124,0,0,0,0,0,0.011,0,0,0,0,0,2,0,0,0,2,1,1,1,1,1,1
58286,27909,0.177141,1132,268,254,252,2,1,10,6,255,255,113,45,0,0,982.842371,56.217258,18.367,32.6526,0.059902,0.013867,0.046035,0,1,0,0,0,2,2,1,1,1,1,1
56984,34467,0.000011,144,0,254,0,0,0,2,0,0,0,72,0,0,0,0,0,0.011,0,0,0,0,0,2,0,0,0,1,1,1,1,1,1,1
45313,45408,0.000013,102,0,254,0,0,0,2,0,0,0,51,0,0,0,0,0,0.013,0,0,0,0,0,2,0,0,0,2,1,1,1,1,1,1
28634,54621,0.246534,1018,268,254,252,2,1,10,6,255,255,102,45,0,0,1179.082222,53.705656,24.246333,40.904199,0.070537,0.04201,0.028527,0,1,0,0,0,2,4,1,1,1,1,1
2559,14254,0.383387,532,268,254,252,2,1,10,6,255,255,53,45,0,0,2103.051649,86.728344,37.637667,64.016199,0.116409,0.063303,0.053106,0,1,0,0,0,4,2,2,2,1,1,2
40624,12213,0.65551,596,354,254,252,2,1,10,8,255,255,60,44,0,0,4554.597932,134.261781,67.476111,86.305289,0.116014,0.051369,0.064645,0,1,0,0,0,2,3,1,1,1,1,1
56938,53209,0.000001,280,0,254,0,0,0,2,0,0,0,140,0,0,0,0,0,0.001,0,0,0,0,0,2,0,0,0,2,1,1,1,1,1,1
51752,45744,0.000011,392,0,254,0,0,0,2,0,0,0,196,0,0,0,0,0,0.011,0,0,0,0,0,2,0,0,0,5,1,1,2,1,1,1
40203,16072,0.000008,114,0,254,0,0,0,2,0,0,0,57,0,0,0,0,0,0.008,0,0,0,0,0,2,0,0,0,2,3,1,1,1,1,1
14634,61534,0.289408,1128,268,254,252,2,1,10,6,255,255,113,45,0,0,1729.008015,75.842539,30.685667,45.730398,0.114994,0.060746,0.054248,0,1,0,0,0,4,3,1,1,1,1,1
59970,60706,0.000008,452,0,254,0,0,0,2,0,0,0,226,0,0,0,0,0,0.008,0,0,0,0,0,2,0,0,0,2,1,1,1,1,1,1
44900,36668,0.240026,724,268,254,252,2,1,10,6,255,255,72,45,0,0,1408.057326,70.982984,25.342889,45.208602,0.026861,0.013979,0.012882,0,1,0,0,0,1,1,1,1,1,1,1
18257,35019,0.000004,376,0,254,0,0,0,2,0,0,0,188,0,0,0,0,0,0.004,0,0,0,0,0,2,0,0,0,1,1,1,1,1,1,1
42061,59324,0.389653,732,354,254,252,2,1,10,8,255,255,73,44,0,0,2911.273623,114.352617,41.974556,52.47843,0.067166,0.022293,0.044873,0,1,0,0,0,1,1,1,1,1,1,1
3910,19757,0.189041,724,268,254,252,2,1,10,6,255,255,72,45,0,0,1018.41647,60.206754,19.367,36.397,0.051682,0.007052,0.04463,0,1,0,0,0,1,1,1,1,1,1,1
50162,21375,0.190013,720,268,254,252,2,1,10,6,255,255,72,45,0,0,992.135288,58.557875,18.610778,36.624398,0.052153,0.006885,0.045268,0,1,0,0,0,1,1,1,1,1,1,1
38706,4316,0.186056,634,268,254,252,2,1,10,6,255,255,63,45,0,0,995.709839,58.426707,18.845111,35.353,0.056565,0.009288,0.047277,0,1,0,0,0,2,1,1,1,1,1,1
10523,11353,0.00001,352,0,254,0,0,0,2,0,0,0,176,0,0,0,0,0,0.01,0,0,0,0,0,2,0,0,0,1,1,1,1,1,1,1
35067,4354,0.000011,256,0,254,0,0,0,2,0,0,0,128,0,0,0,0,0,0.011,0,0,0,0,0,2,0,0,0,1,1,1,1,1,1,1
59451,34049,0.170426,728,268,254,252,2,1,10,6,255,255,73,45,0,0,973.004027,50.635605,17.563778,31.299199,0.033915,0.013919,0.019996,0,1,0,0,0,1,1,1,1,1,1,1
11926,37552,0.218966,524,268,254,252,2,1,10,6,255,255,52,45,0,0,1130.226077,54.448754,22.202667,40.167,0.032263,0.018123,0.01414,0,1,0,0,0,2,2,1,1,1,1,1
3881,58964,0.000006,142,0,254,0,0,0,2,0,0,0,71,0,0,0,0,0,0.006,0,0,0,0,0,2,0,0,0,1,1,1,1,1,1,1
46216,16596,0.000001,224,0,254,0,0,0,2,0,0,0,112,0,0,0,0,0,0.001,0,0,0,0,0,2,0,0,0,7,1,1,3,1,1,1
37461,40651,0.000005,806,0,254,0,0,0,2,0,0,0,403,0,0,0,0,0,0.005,0,0,0,0,0,2,0,0,0,7,1,1,2,1,1,1
34905,8433,0.000011,486,0,254,0,0,0,2,0,0,0,243,0,0,0,0,0,0.011,0,0,0,0,0,2,0,0,0,9,1,1,4,1,1,1
45952,28584,0.896774,982,268,254,252,2,1,10,6,255,255,98,45,0,0,5118.09788,270.411656,99.577111,162.512406,0.303198,0.084201,0.218997,0,1,0,0,0,6,4,2,3,1,1,1
12080,43654,4.789434,532,354,254,252,2,1,10,8,255,255,53,44,0,0,34814.81936,1025.265063,532.159333,651.152312,0.389453,0.230479,0.158974,0,1,0,0,0,2,1,1,1,1,1,1
1216,55875,0.657179,912,268,254,252,2,1,10,6,255,255,91,45,0,0,3653.816005,176.373078,70.791111,112.969203,0.17149,0.092331,0.079159,0,1,0,0,0,8,1,1,2,1,1,1
30886,24171,0.463979,748,268,254,252,2,1,10,6,255,255,75,45,0,0,2597.720197,115.56825,51.535556,75.434797,0.170791,0.086804,0.083987,0,1,0,0,0,1,3,2,1,1,1,1
18323,6371,0.000012,630,0,254,0,0,0,2,0,0,0,315,0,0,0,0,0,0.012,0,0,0,0,0,2,0,0,0,3,2,2,1,1,1,1
62567,28149,1.858236,764,354,254,252,2,1,10,8,255,255,76,44,0,0,13724.70675,362.711719,201.374,251.426578,0.194958,0.09824,0.096718,0,1,0,0,0,4,2,1,2,1,1,1
2857,63572,0.665135,520,268,254,252,2,1,10,6,255,255,52,45,0,0,3669.137469,164.337734,70.017444,110.979,0.238031,0.11023,0.127801,0,1,0,0,0,2,2,1,1,1,1,1
6301,27135,1.248376,1132,354,254,252,2,1,10,8,255,255,113,44,0,0,7270.041584,305.569219,134.302,155.125719,0.257316,0.162486,0.09483,0,1,0,0,0,2,2,2,2,1,1,1
51085,8776,0.000011,212,0,254,0,0,0,2,0,0,0,106,0,0,0,0,0,0.011,0,0,0,0,0,2,0,0,0,4,3,2,3,1,1,2
14417,14098,0.47278,544,268,254,252,2,1,10,6,255,255,54,45,0,0,2641.925853,102.384578,52.429667,69.767797,0.18331,0.12394,0.05937,0,1,0,0,0,1,2,1,1,1,1,1
34086,11005,0.000007,110,0,254,0,0,0,2,0,0,0,55,0,0,0,0,0,0.007,0,0,0,0,0,2,0,0,0,7,2,1,2,1,1,1
38197,3543,0.532256,610,268,254,252,2,1,10,6,255,255,61,45,0,0,3015.428754,122.100727,55.043889,90.571602,0.201285,0.079392,0.121893,0,1,0,0,0,1,1,1,1,1,1,1
26201,56598,0.000004,320,0,254,0,0,0,2,0,0,0,160,0,0,0,0,0,0.004,0,0,0,0,0,2,0,0,0,6,1,1,4,1,1,1
51813,41864,0.000006,524,0,254,0,0,0,2,0,0,0,262,0,0,0,0,0,0.006,0,0,0,0,0,2,0,0,0,1,6,1,1,1,1,1
27421,45448,0.000004,744,0,254,0,0,0,2,0,0,0,372,0,0,0,0,0,0.004,0,0,0,0,0,2,0,0,0,1,1,1,2,1,1,1
39549,12625,0.907371,668,354,254,252,2,1,10,8,255,255,67,44,0,0,5522.021038,167.241187,96.814444,98.346141,0.318425,0.218942,0.099483,0,1,0,0,0,7,3,1,4,1,1,1
11620,47310,0.000004,238,0,254,0,0,0,2,0,0,0,119,0,0,0,0,0,0.004,0,0,0,0,0,2,0,0,0,2,1,1,2,1,1,1
9665,29348,0.000007,116,0,254,0,0,0,2,0,0,0,58,0,0,0,0,0,0.007,0,0,0,0,0,2,0,0,0,1,1,1,2,1,1,1
50068,27632,13.154288,502,354,254,252,2,1,10,8,255,255,50,44,0,0,107007.4347,3271.90025,1461.587556,1873.13025,0.121404,0.041701,0.079703,0,1,0,0,0,2,1,1,1,1,1,1
59257,51169,0.420153,1078,268,254,252,2,1,10,6,255,255,108,45,0,0,2542.702092,121.519805,45.470111,74.449602,0.088732,0.047898,0.040834,0,1,0,0,0,2,1,1,1,1,1,1
21338,53383,0.000006,504,0,254,0,0,0,2,0,0,0,252,0,0,0,0,0,0.006,0,0,0,0,0,2,0,0,0,4,3,1,2,1,1,1
61626,3265,0.000002,308,0,254,0,0,0,2,0,0,0,154,0,0,0,0,0,0.002,0,0,0,0,0,2,0,0,0,7,4,1,2,1,1,1
22005,33685,0.000004,340,0,254,0,0,0,2,0,0,0,170,0,0,0,0,0,0.004,0,0,0,0,0,2,0,0,0,3,3,2,2,1,1,2
46105,53597,0.468924,584,268,254,252,2,1,10,6,255,255,58,45,0,0,2540.084574,102.465563,46.641556,72.322203,0.19097,0.107302,0.083668,0,1,0,0,0,7,1,1,3,1,1,1
8835,39083,0.000011,494,0,254,0,0,0,2,0,0,0,247,0,0,0,0,0,0.011,0,0,0,0,0,2,0,0,0,13,1,1,2,1,1,1
14308,62557,0.624621,1018,268,254,252,2,1,10,6,255,255,102,45,0,0,3848.721728,175.964594,69.243333,112.090398,0.163055,0.064162,0.098893,0,1,0,0,0,5,6,2,2,1,1,2
38794,8858,0.443259,600,268,254,252,2,1,10,6,255,255,60,45,0,0,2222.266505,91.281344,45.561778,74.019398,0.111295,0.07316,0.038135,0,1,0,0,0,7,1,1,2,1,1,1
5867,58824,0.790706,572,354,254,252,2,1,10,8,255,255,57,44,0,0,5763.075629,148.673516,83.171556,102.68843,0.132024,0.071879,0.060145,0,1,0,0,0,2,2,1,1,1,1,1
9291,5837,0.53483,644,268,254,252,2,1,10,6,255,255,64,45,0,0,3008.45914,123.096961,59.425556,82.997398,0.207335,0.11909,0.088245,0,1,0,0,0,1,8,2,1,1,1,1
55400,61865,0.000001,300,0,254,0,0,0,2,0,0,0,150,0,0,0,0,0,0.001,0,0,0,0,0,2,0,0,0,1,1,1,1,1,1,1
65018,14115,0.566942,504,354,254,252,2,1,10,8,255,255,50,44,0,0,3765.239038,110.410195,56.549222,69.423141,0.119112,0.080976,0.038136,0,1,0,0,0,20,9,3,3,1,1,3
60559,23726,0.00001,196,0,254,0,0,0,2,0,0,0,98,0,0,0,0,0,0.01,0,0,0,0,0,2,0,0,0,9,1,1,4,1,1,1
33758,52645,0.00001,148,0,254,0,0,0,2,0,0,0,74,0,0,0,0,0,0.01,0,0,0,0,0,2,0,0,0,1,1,1,1,1,1,1
45292,25269,0.000013,754,0,254,0,0,0,2,0,0,0,377,0,0,0,0,0,0.013,0,0,0,0,0,2,0,0,0,1,6,2,1,1,1,1
6709,63397,0.000005,156,0,254,0,0,0,2,0,0,0,78,0,0,0,0,0,0.005,0,0,0,0,0,2,0,0,0,1,1,1,1,1,1,1
39971,11387,0.000001,336,0,254,0,0,0,2,0,0,0,168,0,0,0,0,0,0.001,0,0,0,0,0,2,0,0,0,6,1,1,2,1,1,1
59576,1494,0.253893,604,268,254,252,2,1,10,6,255,255,60,45,0,0,1312.417678,64.585863,26.675889,45.034602,0.081745,0.02871,0.053035,0,1,0,0,0,1,2,1,1,1,1,1
16634,53393,0.184967,590,268,254,252,2,1,10,6,255,255,59,45,0,0,1002.929702,57.510012,18.884444,34.484199,0.05776,0.012539,0.045221,0,1,0,0,0,1,1,1,1,1,1,1
58108,28636,0.19989,804,268,254,252,2,1,10,6,255,255,80,45,0,0,1070.717913,62.148621,20.270444,38.193,0.06485,0.008921,0.055929,0,1,0,0,0,1,1,1,1,1,1,1
9177,21026,0.00001,216,0,254,0,0,0,2,0,0,0,108,0,0,0,0,0,0.01,0,0,0,0,0,2,0,0,0,2,2,1,1,1,1,1
26415,46744,0.000004,130,0,254,0,0,0,2,0,0,0,65,0,0,0,0,0,0.004,0,0,0,0,0,2,0,0,0,1,1,1,1,1,1,1
10953,56420,0.00001,120,0,254,0,0,0,2,0,0,0,60,0,0,0,0,0,0.01,0,0,0,0,0,2,0,0,0,1,1,1,1,1,1,1
65129,16876,0.000011,132,0,254,0,0,0,2,0,0,0,66,0,0,0,0,0,0.011,0,0,0,0,0,2,0,0,0,2,1,1,1,1,1,1
19408,31643,0.180735,536,268,254,252,2,1,10,6,255,255,54,45,0,0,990.290969,59.106164,18.491889,34.770199,0.05082,0.006873,0.043947,0,1,0,0,0,2,1,1,2,1,1,1
21536,2930,0.180194,502,268,254,252,2,1,10,6,255,255,50,45,0,0,980.819755,59.084387,18.374556,34.736398,0.051799,0.006509,0.04529,0,1,0,0,0,1,1,1,1,1,1,1
62680,33278,0.179235,740,268,254,252,2,1,10,6,255,255,74,45,0,0,976.724148,58.480988,18.242556,34.572602,0.052194,0.00637,0.045824,0,1,0,0,0,1,1,1,1,1,1,1
7369,5081,0.000011,1474,0,254,0,0,0,2,0,0,0,737,0,0,0,0,0,0.011,0,0,0,0,0,2,0,0,0,2,2,1,1,1,1,1
36941,38624,0.000011,336,0,254,0,0,0,2,0,0,0,168,0,0,0,0,0,0.011,0,0,0,0,0,2,0,0,0,1,1,1,1,1,1,1
28911,15556,0.388303,508,354,254,252,2,1,10,8,255,255,51,44,0,0,2939.809904,110.437008,41.573778,52.19743,0.068905,0.022917,0.045988,0,1,0,0,0,2,1,1,2,1,1,1
40722,56077,0.000009,202,0,254,0,0,0,2,0,0,0,101,0,0,0,0,0,0.009,0,0,0,0,0,2,0,0,0,1,1,1,1,1,1,1
13043,16502,0.00001,174,0,254,0,0,0,2,0,0,0,87,0,0,0,0,0,0.01,0,0,0,0,0,2,0,0,0,2,1,1,1,1,1,1
5323,18667,0.190439,892,268,254,252,2,1,10,6,255,255,89,45,0,0,1055.218033,62.358531,19.617889,36.497199,0.053739,0.007948,0.045791,0,1,0,0,0,3,1,1,1,1,1,1
38796,16890,0.000011,176,0,254,0,0,0,2,0,0,0,88,0,0,0,0,0,0.011,0,0,0,0,0,2,0,0,0,1,1,1,1,1,1,1
31011,14681,0.000004,322,0,254,0,0,0,2,0,0,0,161,0,0,0,0,0,0.004,0,0,0,0,0,2,0,0,0,1,1,1,1,1,1,1
23233,42478,0.000012,298,0,254,0,0,0,2,0,0,0,149,0,0,0,0,0,0.012,0,0,0,0,0,2,0,0,0,7,1,1,2,1,1,1
43095,59145,0.484309,518,354,254,252,2,1,10,8,255,255,52,44,0,0,3416.369448,110.572922,51.159778,63.813285,0.103645,0.037609,0.066036,0,1,0,0,0,1,1,1,1,1,1,1
39004,33055,0.207204,724,268,254,252,2,1,10,6,255,255,72,45,0,0,1080.012777,61.460754,20.653778,39.084199,0.061588,0.011772,0.049816,0,1,0,0,0,2,1,1,1,1,1,1
44759,45806,0.213747,628,268,254,252,2,1,10,6,255,255,63,45,0,0,1124.125261,63.745566,21.396556,40.454602,0.06804,0.011463,0.056577,0,1,0,0,0,1,1,1,1,1,1,1
50247,13531,0.000012,208,0,254,0,0,0,2,0,0,0,104,0,0,0,0,0,0.012,0,0,0,0,0,2,0,0,0,2,1,1,1,1,1,1
53760,2317,0.23462,1142,268,254,252,2,1,10,6,255,255,114,45,0,0,1236.778735,64.445562,26.068889,44.845398,0.05812,0.009326,0.048794,0,1,0,0,0,2,1,1,1,1,1,1
35221,46824,0.325821,542,268,254,252,2,1,10,6,255,255,54,45,0,0,1688.522688,87.27843,34.247,58.482398,0.080352,0.033405,0.046947,0,1,0,0,0,2,1,1,1,1,1,1
54661,14619,0.000005,250,0,254,0,0,0,2,0,0,0,125,0,0,0,0,0,0.005,0,0,0,0,0,2,0,0,0,1,1,1,1,1,1,1
47632,42054,0.179328,642,268,254,252,2,1,10,6,255,255,64,45,0,0,986.164205,59.701047,18.371111,34.733398,0.049219,0.005636,0.043583,0,1,0,0,0,1,1,1,1,1,1,1
35988,21922,0.000006,194,0,254,0,0,0,2,0,0,0,97,0,0,0,0,0,0.006,0,0,0,0,0,2,0,0,0,4,1,1,1,1,1,1
10875,48968,0.000011,464,0,254,0,0,0,2,0,0,0,232,0,0,0,0,0,0.011,0,0,0,0,0,2,0,0,0,2,1,1,1,1,1,1
55506,8778,0.208074,1332,268,254,252,2,1,10,6,255,255,133,45,0,0,1077.30649,62.272383,21.161778,39.657801,0.057664,0.009778,0.047886,0,1,0,0,0,2,1,1,1,1,1,1
46071,54812,0.000012,630,0,254,0,0,0,2,0,0,0,315,0,0,0,0,0,0.012,0,0,0,0,0,2,0,0,0,2,2,1,1,1,1,1
30529,16843,0.000004,144,0,254,0,0,0,2,0,0,0,72,0,0,0,0,0,0.004,0,0,0,0,0,2,0,0,0,1,1,1,1,1,1,1
37898,46776,0.00001,344,0,254,0,0,0,2,0,0,0,172,0,0,0,0,0,0.01,0,0,0,0,0,2,0,0,0,2,1,1,1,1,1,1
65405,3602,0.000008,1448,0,254,0,0,0,2,0,0,0,724,0,0,0,0,0,0.008,0,0,0,0,0,2,0,0,0,2,1,1,1,1,1,1
65193,11760,0.202433,1018,268,254,252,2,1,10,6,255,255,102,45,0,0,1169.593219,53.100871,21.381556,32.618,0.085814,0.039338,0.046476,0,1,0,0,0,1,1,1,1,1,1,1
63435,38975,2.774108,748,354,254,252,2,1,10,8,255,255,75,44,0,0,19681.00722,637.737562,308.234222,388.181719,0.097746,0.056098,0.041648,0,1,0,0,0,1,1,1,1,1,1,1
42764,56166,0.173632,552,268,254,252,2,1,10,6,255,255,55,45,0,0,929.255789,35.707152,17.916778,24.9556,0.063446,0.04883,0.014616,0,1,0,0,0,1,1,1,1,1,1,1
57715,36678,0.000004,142,0,254,0,0,0,2,0,0,0,71,0,0,0,0,0,0.004,0,0,0,0,0,2,0,0,0,2,1,1,2,1,1,1
47364,7631,0.000011,210,0,254,0,0,0,2,0,0,0,105,0,0,0,0,0,0.011,0,0,0,0,0,2,0,0,0,1,1,1,1,1,1,1
58651,3446,0.000002,944,0,254,0,0,0,2,0,0,0,472,0,0,0,0,0,0.002,0,0,0,0,0,2,0,0,0,2,2,1,1,1,1,1
22113,54319,0.000021,416,0,254,0,0,0,2,0,0,0,208,0,0,0,0,0,0.021,0,0,0,0,0,2,0,0,0,1,1,1,1,1,1,1
61027,22056,0.52899,568,354,254,252,2,1,10,8,255,255,57,44,0,0,3488.427905,113.91843,54.700111,69.44457,0.101599,0.04287,0.058729,0,1,0,0,0,1,1,1,1,1,1,1
53285,26669,0.00001,406,0,254,0,0,0,2,0,0,0,203,0,0,0,0,0,0.01,0,0,0,0,0,2,0,0,0,5,1,1,4,1,1,1
23545,7824,0.327394,684,268,254,252,2,1,10,6,255,255,68,45,0,0,1822.694494,74.228172,36.377111,51.365199,0.111669,0.069876,0.041793,0,1,0,0,0,3,1,1,2,1,1,1
18068,42884,0.317344,1018,268,254,252,2,1,10,6,255,255,102,45,0,0,1777.208388,72.895781,32.989222,52.885602,0.130611,0.052906,0.077705,0,1,0,0,0,2,1,1,1,1,1,1
26946,26502,0.363437,1862,268,254,252,2,1,10,6,255,255,186,45,0,0,1780.876751,76.162742,33.852,60.156602,0.121637,0.062651,0.058986,0,1,0,0,0,1,1,1,1,1,1,1
55352,9049,0.304071,562,268,254,252,2,1,10,6,255,255,56,45,0,0,1563.800731,73.905258,31.834111,52.404199,0.087226,0.042045,0.045181,0,1,0,0,0,1,1,1,1,1,1,1
20318,14455,0.464537,582,268,254,252,2,1,10,6,255,255,58,45,0,0,2529.111458,117.485938,48.635,75.437,0.16636,0.087349,0.079011,0,1,0,0,0,2,1,1,1,1,1,1
43451,64561,0.334594,874,268,254,252,2,1,10,6,255,255,87,45,0,0,1771.871324,82.439398,32.805889,59.408398,0.10453,0.037545,0.066985,0,1,0,0,0,1,1,1,1,1,1,1
4526,23028,0.000004,164,0,254,0,0,0,2,0,0,0,82,0,0,0,0,0,0.004,0,0,0,0,0,2,0,0,0,1,1,1,1,1,1,1
7663,19255,0.255185,852,268,254,252,2,1,10,6,255,255,85,45,0,0,1277.655297,69.030242,25.505889,47.404602,0.068141,0.01815,0.049991,0,1,0,0,0,1,2,1,1,1,1,1
45731,21814,0.000005,114,0,254,0,0,0,2,0,0,0,57,0,0,0,0,0,0.005,0,0,0,0,0,2,0,0,0,4,1,1,1,1,1,1
31331,21148,0.179801,576,268,254,252,2,1,10,6,255,255,58,45,0,0,990.213303,56.04393,18.502333,32.834801,0.06071,0.015622,0.045088,0,1,0,0,0,1,1,1,1,1,1,1
49479,52814,0.217984,558,268,254,252,2,1,10,6,255,255,56,45,0,0,1149.510387,60.458258,24.220444,41.281199,0.058407,0.01091,0.047497,0,1,0,0,0,1,2,1,1,1,1,1
14036,23320,0.000013,500,0,254,0,0,0,2,0,0,0,250,0,0,0,0,0,0.013,0,0,0,0,0,2,0,0,0,1,1,1,1,1,1,1
22787,49693,1.335431,518,354,254,252,2,1,10,8,255,255,52,44,0,0,10464.59332,254.646141,148.283333,175.808859,0.168804,0.104764,0.06404,0,1,0,0,0,2,5,2,1,1,1,1
41694,52759,0.859072,696,354,254,252,2,1,10,8,255,255,70,44,0,0,5599.117001,231.334984,93.160333,114.23557,0.078939,0.059412,0.019527,0,1,0,0,0,19,1,1,5,1,1,1
8304,12510,0.330257,564,268,254,252,2,1,10,6,255,255,56,45,0,0,1708.500599,74.604867,31.344333,54.119602,0.10806,0.059652,0.048408,0,1,0,0,0,2,1,1,2,1,1,1
61499,34931,0.323824,840,268,254,252,2,1,10,6,255,255,84,45,0,0,1676.797584,77.558297,33.244111,54.703602,0.093885,0.050296,0.043589,0,1,0,0,0,2,1,1,1,1,1,1
55362,32478,0.000001,312,0,254,0,0,0,2,0,0,0,156,0,0,0,0,0,0.001,0,0,0,0,0,2,0,0,0,10,2,1,6,1,1,1
56114,12400,0.596564,490,354,254,252,2,1,10,8,255,255,49,44,0,0,3910.774501,138.017891,59.506778,79.118,0.103737,0.042734,0.061003,0,1,0,0,0,4,10,3,2,1,1,1
50552,19680,0.000008,360,0,254,0,0,0,2,0,0,0,180,0,0,0,0,0,0.008,0,0,0,0,0,2,0,0,0,1,1,4,1,1,1,1
15015,17525,0.380605,530,268,254,252,2,1,10,6,255,255,53,45,0,0,2089.180048,78.804812,36.795889,57.992199,0.166395,0.090633,0.075762,0,1,0,0,0,2,1,1,1,1,1,1
38965,29063,0.346078,542,268,254,252,2,1,10,6,255,255,54,45,0,0,1927.338492,91.344898,38.356444,57.264602,0.109033,0.059745,0.049288,0,1,0,0,0,6,1,1,2,1,1,1
28203,62285,1.019988,686,354,254,252,2,1,10,8,255,255,69,44,0,0,6148.969607,252.755016,111.455222,131.902422,0.147186,0.096661,0.050525,0,1,0,0,0,1,6,2,2,1,1,1
20165,33060,0.51584,324,182,254,252,1,1,7,4,255,255,46,46,0,0,3935.72148,189.409391,76.339503,133.939672,0.183178,0.114015,0.069163,0,1,0,0,0,1,2,1,1,1,1,1
20898,20168,0.446818,708,268,254,252,2,1,10,6,255,255,71,45,0,0,2554.650181,112.291852,46.676111,75.080398,0.164876,0.071412,0.093464,0,1,0,0,0,1,1,1,1,1,1,1
54155,33107,0.000001,226,0,254,0,0,0,2,0,0,0,113,0,0,0,0,0,0.001,0,0,0,0,0,2,0,0,0,1,1,1,8,1,1,1
65256,29403,0.000011,744,0,254,0,0,0,2,0,0,0,372,0,0,0,0,0,0.011,0,0,0,0,0,2,0,0,0,1,1,1,4,1,1,1
49637,26188,0.000005,188,0,254,0,0,0,2,0,0,0,94,0,0,0,0,0,0.005,0,0,0,0,0,2,0,0,0,1,1,1,2,1,1,1
38282,12621,0.000008,744,0,254,0,0,0,2,0,0,0,372,0,0,0,0,0,0.008,0,0,0,0,0,2,0,0,0,5,1,3,2,1,1,1
58908,34384,0.43182,624,268,254,252,2,1,10,6,255,255,62,45,0,0,2391.814269,113.2935,45.674556,68.49,0.132135,0.089359,0.042776,0,1,0,0,0,1,1,1,1,1,1,1
1229,39545,0.219843,632,268,254,252,2,1,10,6,255,255,63,45,0,0,1245.069513,64.729012,24.333778,39.056801,0.078572,0.024548,0.054024,0,1,0,0,0,9,1,1,11,1,1,1
37428,8861,0.451422,626,268,254,252,2,1,10,6,255,255,63,45,0,0,2541.014562,130.091187,50.158,76.796398,0.096585,0.066828,0.029757,0,1,0,0,0,8,1,1,11,1,1,1
36803,22218,0.000012,232,0,254,0,0,0,2,0,0,0,116,0,0,0,0,0,0.012,0,0,0,0,0,2,0,0,0,1,1,1,1,1,1,1
27952,18820,0.642701,598,354,254,252,2,1,10,8,255,255,60,44,0,0,4399.7552,119.756906,71.411222,78.960141,0.1348,0.089358,0.045442,0,1,0,0,0,1,1,1,2,1,1,1
33552,63607,0.000005,536,0,254,0,0,0,2,0,0,0,268,0,0,0,0,0,0.005,0,0,0,0,0,2,0,0,0,1,4,2,1,1,1,1
37926,51767,0.286459,924,268,254,252,2,1,10,6,255,255,92,45,0,0,1573.8973,65.952187,29.549,45.068398,0.105914,0.061107,0.044807,0,1,0,0,0,6,1,1,2,1,1,1
33728,10526,0.000011,184,0,254,0,0,0,2,0,0,0,92,0,0,0,0,0,0.011,0,0,0,0,0,2,0,0,0,6,1,1,6,1,1,1
4355,30236,0.949367,726,354,254,252,2,1,10,8,255,255,73,44,0,0,6426.571147,190.849516,102.346444,126.74443,0.143728,0.062155,0.081573,0,1,0,0,0,6,1,1,2,1,1,1
5236,60253,0.000003,244,0,254,0,0,0,2,0,0,0,122,0,0,0,0,0,0.003,0,0,0,0,0,2,0,0,0,1,1,1,1,1,1,1
20576,24384,0.000007,166,0,254,0,0,0,2,0,0,0,83,0,0,0,0,0,0.007,0,0,0,0,0,2,0,0,0,1,1,1,1,1,1,1
7921,16091,1.043635,588,354,254,252,2,1,10,8,255,255,59,44,0,0,6597.300227,221.016,115.859,136.998,0.140746,0.084645,0.056101,0,1,0,0,0,5,1,1,2,1,1,1
59357,43327,0.76265,500,354,254,252,2,1,10,8,255,255,50,44,0,0,5001.604883,144.235141,81.779444,90.68657,0.197699,0.127822,0.069877,0,1,0,0,0,1,1,1,1,1,1,1
7172,53956,0.000012,690,0,254,0,0,0,2,0,0,0,345,0,0,0,0,0,0.012,0,0,0,0,0,2,0,0,0,4,1,1,2,1,1,1
17490,59706,0.379294,358,96,254,252,2,1,6,2,255,255,60,48,0,0,3800.778933,0,75.8588,0.011,0.202535,0.103102,0.099433,0,4,0,0,0,2,1,1,1,1,1,1
37775,54470,0.000003,520,0,254,0,0,0,2,0,0,0,260,0,0,0,0,0,0.003,0,0,0,0,0,2,0,0,0,8,1,1,4,1,1,1
62516,28520,1.010406,1194,354,254,252,2,1,10,8,255,255,119,44,0,0,6451.740365,216.029687,112.163222,132.521422,0.183706,0.082749,0.100957,0,1,0,0,0,6,1,1,1,1,1,1
2146,14624,0.00001,336,0,254,0,0,0,2,0,0,0,168,0,0,0,0,0,0.01,0,0,0,0,0,2,0,0,0,2,2,2,1,1,1,1
59217,61114,2.528676,582,354,254,252,2,1,10,8,255,255,58,44,0,0,18894.1508,545.073,278.614889,353.727438,0.095119,0.052574,0.042545,0,1,0,0,0,1,1,1,1,1,1,1
54968,18534,0.000018,350,0,254,0,0,0,2,0,0,0,175,0,0,0,0,0,0.018,0,0,0,0,0,2,0,0,0,1,1,1,2,1,1,1
34127,51918,0.000011,254,0,254,0,0,0,2,0,0,0,127,0,0,0,0,0,0.011,0,0,0,0,0,2,0,0,0,2,1,1,3,1,1,1
40339,35788,0.56016,796,182,254,252,2,1,8,4,255,255,100,46,0,0,4256.693459,222.793797,80.022859,157.546,0.07476,0.04072,0.03404,0,1,0,0,0,2,3,1,1,1,1,1
47102,40046,0.000004,240,0,254,0,0,0,2,0,0,0,120,0,0,0,0,0,0.004,0,0,0,0,0,2,0,0,0,5,1,1,2,1,1,1
59821,18810,0.807595,570,354,254,252,2,1,10,8,255,255,57,44,0,0,5179.04339,228.540734,89.631778,110.84857,0.095811,0.031653,0.064158,0,1,0,0,0,1,7,2,4,1,1,1
6300,30466,0.00001,416,0,254,0,0,0,2,0,0,0,208,0,0,0,0,0,0.01,0,0,0,0,0,2,0,0,0,6,1,1,2,1,1,1
3640,62659,0.00001,236,0,254,0,0,0,2,0,0,0,118,0,0,0,0,0,0.01,0,0,0,0,0,2,0,0,0,3,1,2,4,1,1,1
55746,60994,0.000004,332,0,254,0,0,0,2,0,0,0,166,0,0,0,0,0,0.004,0,0,0,0,0,2,0,0,0,5,1,1,2,1,1,1
14441,36399,0.000007,250,0,254,0,0,0,2,0,0,0,125,0,0,0,0,0,0.007,0,0,0,0,0,2,0,0,0,2,1,1,1,1,1,1
22063,7079,0.409373,1836,268,254,252,2,1,10,6,255,255,184,45,0,0,1781.490464,90.83043,36.39,73.655602,0.099419,0.041085,0.058334,0,1,0,0,0,6,1,1,2,1,1,1
14800,14644,0.629471,536,354,254,252,2,1,10,8,255,255,54,44,0,0,4127.55859,139.403703,66.413889,82.072711,0.146081,0.054956,0.091125,0,1,0,0,0,1,4,2,1,1,1,1
24278,52846,0.282834,908,268,254,252,2,1,10,6,255,255,91,45,0,0,1532.903053,71.231062,30.838778,47.611398,0.063531,0.044771,0.01876,0,1,0,0,0,3,1,1,3,1,1,1
45194,13064,0.455311,590,354,254,252,2,1,10,8,255,255,59,44,0,0,3211.358487,111.150891,48.189,59.254285,0.099538,0.040528,0.05901,0,1,0,0,0,1,1,1,1,1,1,1
26517,34573,0.000002,148,0,254,0,0,0,2,0,0,0,74,0,0,0,0,0,0.002,0,0,0,0,0,2,0,0,0,1,1,1,1,1,1,1
2819,1838,0.000005,200,0,254,0,0,0,2,0,0,0,100,0,0,0,0,0,0.005,0,0,0,0,0,2,0,0,0,1,1,1,1,1,1,1
37894,11995,0.404055,638,268,254,252,2,1,10,6,255,255,64,45,0,0,2270.266013,97.268867,41.524667,69.743797,0.181259,0.055325,0.125934,0,1,0,0,0,1,1,1,4,1,1,1
9336,50158,0.365229,580,268,254,252,2,1,10,6,255,255,58,45,0,0,2924.59671,130.065656,40.493111,69.038797,0.045512,0.020023,0.025489,0,1,0,0,0,2,3,1,2,1,1,1
16355,64096,0.000005,704,0,254,0,0,0,2,0,0,0,352,0,0,0,0,0,0.005,0,0,0,0,0,2,0,0,0,2,1,1,2,1,1,1
39056,20159,0.313627,1012,268,254,252,2,1,10,6,255,255,101,45,0,0,1685.555946,78.069812,34.847444,51.800398,0.071261,0.053999,0.017262,0,1,0,0,0,1,1,1,1,1,1,1
58767,51123,0.000011,142,0,254,0,0,0,2,0,0,0,71,0,0,0,0,0,0.011,0,0,0,0,0,2,0,0,0,1,2,1,5,1,1,1
27591,15948,0.253219,700,268,254,252,2,1,10,6,255,255,70,45,0,0,1368.779667,58.167551,25.836333,41.400199,0.103127,0.046184,0.056943,0,1,0,0,0,2,1,1,1,1,1,1
1113,38611,0.000012,594,0,254,0,0,0,2,0,0,0,297,0,0,0,0,0,0.012,0,0,0,0,0,2,0,0,0,1,1,1,4,1,1,1
33731,54870,0.552881,804,354,254,252,2,1,10,8,255,255,80,44,0,0,4280.413011,140.778344,61.412778,76.272141,0.037521,0.018965,0.018556,0,1,0,0,0,1,1,1,1,1,1,1
26104,40319,0.445475,620,354,254,252,2,1,10,8,255,255,62,44,0,0,3078.530282,121.641563,49.497222,62.013285,0.066866,0.010697,0.056169,0,1,0,0,0,1,2,1,1,1,1,1
53946,41082,0.000008,690,0,254,0,0,0,2,0,0,0,345,0,0,0,0,0,0.008,0,0,0,0,0,2,0,0,0,2,1,1,1,1,1,1
38234,62649,0.000007,630,0,254,0,0,0,2,0,0,0,315,0,0,0,0,0,0.007,0,0,0,0,0,2,0,0,0,1,1,1,1,1,1,1
18178,34054,0.000011,176,0,254,0,0,0,2,0,0,0,88,0,0,0,0,0,0.011,0,0,0,0,0,2,0,0,0,4,3,1,1,1,1,1
30409,4611,0.000011,296,0,254,0,0,0,2,0,0,0,148,0,0,0,0,0,0.011,0,0,0,0,0,2,0,0,0,2,3,1,1,1,1,1
8901,42121,0.650314,614,268,254,252,2,1,10,6,255,255,61,45,0,0,3999.501804,187.067234,66.174444,116.498398,0.135055,0.067811,0.067244,0,1,0,0,0,2,1,5,5,1,1,5
43760,18656,0.474805,1132,354,254,252,2,1,10,8,255,255,113,44,0,0,3416.038987,126.330883,52.756111,61.476285,0.102556,0.029524,0.073032,0,1,0,0,0,2,1,1,1,1,1,1
44441,14654,0.3856,794,268,254,252,2,1,10,6,255,255,79,45,0,0,2114.403294,92.791805,39.347333,62.599,0.139209,0.072594,0.066615,0,1,0,0,0,3,2,1,1,1,1,1
30624,14856,0.608616,710,354,254,252,2,1,10,8,255,255,71,44,0,0,3885.798962,130.449523,60.213333,82.35243,0.107072,0.032139,0.074933,0,1,0,0,0,2,1,1,1,1,1,1
14854,45077,0.495428,888,268,254,252,2,1,10,6,255,255,89,45,0,0,2949.988924,151.090969,50.351667,93.210797,0.112222,0.029364,0.082858,0,1,0,0,0,1,1,1,1,1,1,1
3512,13843,0.00001,112,0,254,0,0,0,2,0,0,0,56,0,0,0,0,0,0.01,0,0,0,0,0,2,0,0,0,5,1,1,6,1,1,1
49794,59131,0.000014,136,0,254,0,0,0,2,0,0,0,68,0,0,0,0,0,0.014,0,0,0,0,0,2,0,0,0,2,2,2,2,1,1,1
62507,10397,0.758994,668,354,254,252,2,1,10,8,255,255,67,44,0,0,4399.61704,187.612359,84.332667,90.553711,0.182122,0.124455,0.057667,0,1,0,0,0,7,2,1,1,1,1,1
59104,7523,0.000003,154,0,254,0,0,0,2,0,0,0,77,0,0,0,0,0,0.003,0,0,0,0,0,2,0,0,0,2,1,1,2,1,1,1
44381,80,0.544761,1282,268,254,252,2,1,10,6,255,255,128,45,1,0,3011.273709,139.396953,58.176889,89.090203,0.157189,0.099303,0.057886,0,1,1,0,0,1,1,1,1,1,1,1
29092,80,3.99375,2416,308476,254,252,2,116,48,236,255,255,50,1307,0,0,4002.976879,1923.690198,84.973407,16.561085,0.217738,0.101218,0.11652,0,1,0,0,0,1,2,1,1,1,1,1
4618,80,0.560773,1306,268,254,252,2,1,10,6,255,255,131,45,1,0,3096.431149,153.794734,62.216222,94.112602,0.146868,0.090199,0.056669,0,1,1,0,0,1,1,1,2,1,1,1
63237,80,1.428784,1292,354,254,252,2,1,10,8,255,255,129,44,1,0,8772.672668,338.968969,154.344444,188.606422,0.216481,0.108536,0.107945,0,1,1,0,0,2,1,1,1,1,1,1
10010,80,7.071333,5090,915210,254,252,2,346,112,696,255,255,45,1315,1,443364,3007.833895,1208.563053,63.705703,10.090862,0.136165,0.04431,0.091855,0,1,1,0,0,1,1,1,1,1,1,1
54306,80,0.269653,1006,268,254,252,2,1,10,6,255,255,101,45,1,0,1360.492067,66.16818,27.707444,48.263398,0.05576,0.028325,0.027435,0,1,1,0,0,1,1,1,1,1,1,1
26652,80,0.260798,1308,268,254,252,2,1,10,6,255,255,131,45,1,0,1448.225397,62.970301,27.180222,45.143,0.08648,0.035079,0.051401,0,1,1,0,0,1,1,1,1,1,1,1
4000,3533,0.000009,2050,0,254,0,0,0,2,0,0,0,1025,0,0,0,0,0,0.009,0,0,0,0,0,2,0,0,0,1,1,1,1,1,1,1
10815,80,0.315213,1302,268,254,252,2,1,10,6,255,255,130,45,1,0,1657.568439,81.730828,28.554111,59.245199,0.068144,0.018976,0.049168,0,1,1,0,0,1,3,1,1,1,1,1
16755,80,0.489608,8682,268,254,252,4,1,14,6,255,255,620,45,1,0,2140.566103,125.556797,32.29,88.456602,0.075372,0.047323,0.028049,0,1,1,0,0,1,1,1,1,1,1,1
32511,80,0.256677,1022,268,254,252,2,1,10,6,255,255,102,45,0,0,1286.961789,53.508348,25.012556,39.426801,0.085167,0.059532,0.025635,0,1,0,0,0,1,1,1,1,1,1,1
54215,80,3.422533,3006,482406,254,252,2,184,62,372,255,255,48,1297,0,0,2660.789828,1101.114492,56.1071,9.093644,0.102029,0.048024,0.054005,0,1,0,0,0,1,1,2,1,1,1,1
58460,80,0.553215,1302,268,254,252,2,1,10,6,255,255,130,45,0,0,3146.843315,158.934672,57.611222,97.146602,0.154293,0.067479,0.086814,0,1,0,0,0,1,1,1,1,1,1,1
6240,69,0.000004,92,0,254,0,0,0,2,0,0,0,46,0,0,0,0,0,0.004,0,0,0,0,0,2,0,0,0,1,15,4,1,1,1,1
11509,80,0.476089,1296,268,254,252,2,1,10,6,255,255,130,45,0,0,2719.321673,140.007906,52.898778,75.371797,0.104906,0.070645,0.034261,0,1,0,0,0,1,1,1,7,1,1,1
12694,80,0.595302,1296,268,254,252,2,1,10,6,255,255,130,45,0,0,3761.763261,170.039094,59.988889,103.168398,0.143299,0.079449,0.06385,0,1,0,0,0,1,1,1,8,1,1,1
28389,80,1.286678,1302,354,254,252,2,1,10,8,255,255,130,44,0,0,8987.440065,234.690859,138.953333,162.000859,0.253241,0.152666,0.100575,0,1,0,0,0,1,1,1,2,1,1,1
27564,1434,0.000011,808,0,254,0,0,0,2,0,0,0,404,0,0,0,0,0,0.011,0,0,0,0,0,2,0,0,0,2,1,1,1,1,1,1
7566,80,2.095087,2004,263720,254,252,2,100,38,204,255,255,53,1293,1,127488,2715.093495,1200.314438,56.623971,9.804177,0.157886,0.104189,0.053697,0,1,1,0,0,4,1,1,3,2,1,1
24561,80,0.431666,1294,354,254,252,2,1,10,8,255,255,129,44,1,0,3088.235721,113.840578,47.962889,52.069145,0.097639,0.047976,0.049663,0,1,1,0,0,1,1,1,1,1,1,1
43294,80,0.22641,1314,268,254,252,2,1,10,6,255,255,131,45,0,0,1105.716695,46.969715,22.389,34.993801,0.067477,0.051439,0.016038,0,1,0,0,0,2,2,1,1,1,1,1
34469,80,0.713732,1308,268,254,252,2,1,10,6,255,255,131,45,0,0,3826.819719,162.904703,79.144556,117.764398,0.232683,0.124904,0.107779,0,1,0,0,0,4,3,1,2,2,1,1
2318,80,0.556154,1296,268,254,252,2,1,10,6,255,255,130,45,0,0,3131.494886,137.110156,58.261,91.630602,0.230332,0.098,0.132332,0,1,0,0,0,4,1,1,1,1,1,1
9179,80,0.731113,1308,268,254,252,2,1,10,6,255,255,131,45,0,0,4007.445821,167.979797,81.186444,107.014797,0.246384,0.196027,0.050357,0,1,0,0,0,1,1,1,1,1,1,1
44381,80,0.544761,1282,268,254,252,2,1,10,6,255,255,128,45,1,0,3011.273709,139.396953,58.176889,89.090203,0.157189,0.099303,0.057886,0,1,1,0,0,1,1,1,1,1,1,1
29092,80,3.99375,2416,308476,254,252,2,116,48,236,255,255,50,1307,0,0,4002.976879,1923.690198,84.973407,16.561085,0.217738,0.101218,0.11652,0,1,0,0,0,1,2,1,1,1,1,1
4618,80,0.560773,1306,268,254,252,2,1,10,6,255,255,131,45,1,0,3096.431149,153.794734,62.216222,94.112602,0.146868,0.090199,0.056669,0,1,1,0,0,1,1,1,2,1,1,1
63237,80,1.428784,1292,354,254,252,2,1,10,8,255,255,129,44,1,0,8772.672668,338.968969,154.344444,188.606422,0.216481,0.108536,0.107945,0,1,1,0,0,2,1,1,1,1,1,1
10010,80,7.071333,5090,915210,254,252,2,346,112,696,255,255,45,1315,1,443364,3007.833895,1208.563053,63.705703,10.090862,0.136165,0.04431,0.091855,0,1,1,0,0,1,1,1,1,1,1,1
54306,80,0.269653,1006,268,254,252,2,1,10,6,255,255,101,45,1,0,1360.492067,66.16818,27.707444,48.263398,0.05576,0.028325,0.027435,0,1,1,0,0,1,1,1,1,1,1,1
26652,80,0.260798,1308,268,254,252,2,1,10,6,255,255,131,45,1,0,1448.225397,62.970301,27.180222,45.143,0.08648,0.035079,0.051401,0,1,1,0,0,1,1,1,1,1,1,1
4000,3533,0.000009,2050,0,254,0,0,0,2,0,0,0,1025,0,0,0,0,0,0.009,0,0,0,0,0,2,0,0,0,1,1,1,1,1,1,1
10815,80,0.315213,1302,268,254,252,2,1,10,6,255,255,130,45,1,0,1657.568439,81.730828,28.554111,59.245199,0.068144,0.018976,0.049168,0,1,1,0,0,1,3,1,1,1,1,1
16755,80,0.489608,8682,268,254,252,4,1,14,6,255,255,620,45,1,0,2140.566103,125.556797,32.29,88.456602,0.075372,0.047323,0.028049,0,1,1,0,0,1,1,1,1,1,1,1
32511,80,0.256677,1022,268,254,252,2,1,10,6,255,255,102,45,0,0,1286.961789,53.508348,25.012556,39.426801,0.085167,0.059532,0.025635,0,1,0,0,0,1,1,1,1,1,1,1
54215,80,3.422533,3006,482406,254,252,2,184,62,372,255,255,48,1297,0,0,2660.789828,1101.114492,56.1071,9.093644,0.102029,0.048024,0.054005,0,1,0,0,0,1,1,2,1,1,1,1
58460,80,0.553215,1302,268,254,252,2,1,10,6,255,255,130,45,0,0,3146.843315,158.934672,57.611222,97.146602,0.154293,0.067479,0.086814,0,1,0,0,0,1,1,1,1,1,1,1
6240,69,0.000004,92,0,254,0,0,0,2,0,0,0,46,0,0,0,0,0,0.004,0,0,0,0,0,2,0,0,0,1,15,4,1,1,1,1
11509,80,0.476089,1296,268,254,252,2,1,10,6,255,255,130,45,0,0,2719.321673,140.007906,52.898778,75.371797,0.104906,0.070645,0.034261,0,1,0,0,0,1,1,1,7,1,1,1
12694,80,0.595302,1296,268,254,252,2,1,10,6,255,255,130,45,0,0,3761.763261,170.039094,59.988889,103.168398,0.143299,0.079449,0.06385,0,1,0,0,0,1,1,1,8,1,1,1
28389,80,1.286678,1302,354,254,252,2,1,10,8,255,255,130,44,0,0,8987.440065,234.690859,138.953333,162.000859,0.253241,0.152666,0.100575,0,1,0,0,0,1,1,1,2,1,1,1
27564,1434,0.000011,808,0,254,0,0,0,2,0,0,0,404,0,0,0,0,0,0.011,0,0,0,0,0,2,0,0,0,2,1,1,1,1,1,1
7566,80,2.095087,2004,263720,254,252,2,100,38,204,255,255,53,1293,1,127488,2715.093495,1200.314438,56.623971,9.804177,0.157886,0.104189,0.053697,0,1,1,0,0,4,1,1,3,2,1,1
24561,80,0.431666,1294,354,254,252,2,1,10,8,255,255,129,44,1,0,3088.235721,113.840578,47.962889,52.069145,0.097639,0.047976,0.049663,0,1,1,0,0,1,1,1,1,1,1,1
43294,80,0.22641,1314,268,254,252,2,1,10,6,255,255,131,45,0,0,1105.716695,46.969715,22.389,34.993801,0.067477,0.051439,0.016038,0,1,0,0,0,2,2,1,1,1,1,1
34469,80,0.713732,1308,268,254,252,2,1,10,6,255,255,131,45,0,0,3826.819719,162.904703,79.144556,117.764398,0.232683,0.124904,0.107779,0,1,0,0,0,4,3,1,2,2,1,1
2318,80,0.556154,1296,268,254,252,2,1,10,6,255,255,130,45,0,0,3131.494886,137.110156,58.261,91.630602,0.230332,0.098,0.132332,0,1,0,0,0,4,1,1,1,1,1,1
9179,80,0.731113,1308,268,254,252,2,1,10,6,255,255,131,45,0,0,4007.445821,167.979797,81.186444,107.014797,0.246384,0.196027,0.050357,0,1,0,0,0,1,1,1,1,1,1,1
44381,80,0.544761,1282,268,254,252,2,1,10,6,255,255,128,45,1,0,3011.273709,139.396953,58.176889,89.090203,0.157189,0.099303,0.057886,0,1,1,0,0,1,1,1,1,1,1,1
29092,80,3.99375,2416,308476,254,252,2,116,48,236,255,255,50,1307,0,0,4002.976879,1923.690198,84.973407,16.561085,0.217738,0.101218,0.11652,0,1,0,0,0,1,2,1,1,1,1,1
4618,80,0.560773,1306,268,254,252,2,1,10,6,255,255,131,45,1,0,3096.431149,153.794734,62.216222,94.112602,0.146868,0.090199,0.056669,0,1,1,0,0,1,1,1,2,1,1,1
63237,80,1.428784,1292,354,254,252,2,1,10,8,255,255,129,44,1,0,8772.672668,338.968969,154.344444,188.606422,0.216481,0.108536,0.107945,0,1,1,0,0,2,1,1,1,1,1,1
10010,80,7.071333,5090,915210,254,252,2,346,112,696,255,255,45,1315,1,443364,3007.833895,1208.563053,63.705703,10.090862,0.136165,0.04431,0.091855,0,1,1,0,0,1,1,1,1,1,1,1
54306,80,0.269653,1006,268,254,252,2,1,10,6,255,255,101,45,1,0,1360.492067,66.16818,27.707444,48.263398,0.05576,0.028325,0.027435,0,1,1,0,0,1,1,1,1,1,1,1
26652,80,0.260798,1308,268,254,252,2,1,10,6,255,255,131,45,1,0,1448.225397,62.970301,27.180222,45.143,0.08648,0.035079,0.051401,0,1,1,0,0,1,1,1,1,1,1,1
4000,3533,0.000009,2050,0,254,0,0,0,2,0,0,0,1025,0,0,0,0,0,0.009,0,0,0,0,0,2,0,0,0,1,1,1,1,1,1,1
10815,80,0.315213,1302,268,254,252,2,1,10,6,255,255,130,45,1,0,1657.568439,81.730828,28.554111,59.245199,0.068144,0.018976,0.049168,0,1,1,0,0,1,3,1,1,1,1,1
16755,80,0.489608,8682,268,254,252,4,1,14,6,255,255,620,45,1,0,2140.566103,125.556797,32.29,88.456602,0.075372,0.047323,0.028049,0,1,1,0,0,1,1,1,1,1,1,1
32511,80,0.256677,1022,268,254,252,2,1,10,6,255,255,102,45,0,0,1286.961789,53.508348,25.012556,39.426801,0.085167,0.059532,0.025635,0,1,0,0,0,1,1,1,1,1,1,1
54215,80,3.422533,3006,482406,254,252,2,184,62,372,255,255,48,1297,0,0,2660.789828,1101.114492,56.1071,9.093644,0.102029,0.048024,0.054005,0,1,0,0,0,1,1,2,1,1,1,1
58460,80,0.553215,1302,268,254,252,2,1,10,6,255,255,130,45,0,0,3146.843315,158.934672,57.611222,97.146602,0.154293,0.067479,0.086814,0,1,0,0,0,1,1,1,1,1,1,1
6240,69,0.000004,92,0,254,0,0,0,2,0,0,0,46,0,0,0,0,0,0.004,0,0,0,0,0,2,0,0,0,1,15,4,1,1,1,1
11509,80,0.476089,1296,268,254,252,2,1,10,6,255,255,130,45,0,0,2719.321673,140.007906,52.898778,75.371797,0.104906,0.070645,0.034261,0,1,0,0,0,1,1,1,7,1,1,1
12694,80,0.595302,1296,268,254,252,2,1,10,6,255,255,130,45,0,0,3761.763261,170.039094,59.988889,103.168398,0.143299,0.079449,0.06385,0,1,0,0,0,1,1,1,8,1,1,1
28389,80,1.286678,1302,354,254,252,2,1,10,8,255,255,130,44,0,0,8987.440065,234.690859,138.953333,162.000859,0.253241,0.152666,0.100575,0,1,0,0,0,1,1,1,2,1,1,1
27564,1434,0.000011,808,0,254,0,0,0,2,0,0,0,404,0,0,0,0,0,0.011,0,0,0,0,0,2,0,0,0,2,1,1,1,1,1,1
7566,80,2.095087,2004,263720,254,252,2,100,38,204,255,255,53,1293,1,127488,2715.093495,1200.314438,56.623971,9.804177,0.157886,0.104189,0.053697,0,1,1,0,0,4,1,1,3,2,1,1
24561,80,0.431666,1294,354,254,252,2,1,10,8,255,255,129,44,1,0,3088.235721,113.840578,47.962889,52.069145,0.097639,0.047976,0.049663,0,1,1,0,0,1,1,1,1,1,1,1
43294,80,0.22641,1314,268,254,252,2,1,10,6,255,255,131,45,0,0,1105.716695,46.969715,22.389,34.993801,0.067477,0.051439,0.016038,0,1,0,0,0,2,2,1,1,1,1,1
34469,80,0.713732,1308,268,254,252,2,1,10,6,255,255,131,45,0,0,3826.819719,162.904703,79.144556,117.764398,0.232683,0.124904,0.107779,0,1,0,0,0,4,3,1,2,2,1,1
2318,80,0.556154,1296,268,254,252,2,1,10,6,255,255,130,45,0,0,3131.494886,137.110156,58.261,91.630602,0.230332,0.098,0.132332,0,1,0,0,0,4,1,1,1,1,1,1
9179,80,0.731113,1308,268,254,252,2,1,10,6,255,255,131,45,0,0,4007.445821,167.979797,81.186444,107.014797,0.246384,0.196027,0.050357,0,1,0,0,0,1,1,1,1,1,1,1
44381,80,0.544761,1282,268,254,252,2,1,10,6,255,255,128,45,1,0,3011.273709,139.396953,58.176889,89.090203,0.157189,0.099303,0.057886,0,1,1,0,0,1,1,1,1,1,1,1
29092,80,3.99375,2416,308476,254,252,2,116,48,236,255,255,50,1307,0,0,4002.976879,1923.690198,84.973407,16.561085,0.217738,0.101218,0.11652,0,1,0,0,0,1,2,1,1,1,1,1
4618,80,0.560773,1306,268,254,252,2,1,10,6,255,255,131,45,1,0,3096.431149,153.794734,62.216222,94.112602,0.146868,0.090199,0.056669,0,1,1,0,0,1,1,1,2,1,1,1
63237,80,1.428784,1292,354,254,252,2,1,10,8,255,255,129,44,1,0,8772.672668,338.968969,154.344444,188.606422,0.216481,0.108536,0.107945,0,1,1,0,0,2,1,1,1,1,1,1
10010,80,7.071333,5090,915210,254,252,2,346,112,696,255,255,45,1315,1,443364,3007.833895,1208.563053,63.705703,10.090862,0.136165,0.04431,0.091855,0,1,1,0,0,1,1,1,1,1,1,1
54306,80,0.269653,1006,268,254,252,2,1,10,6,255,255,101,45,1,0,1360.492067,66.16818,27.707444,48.263398,0.05576,0.028325,0.027435,0,1,1,0,0,1,1,1,1,1,1,1
26652,80,0.260798,1308,268,254,252,2,1,10,6,255,255,131,45,1,0,1448.225397,62.970301,27.180222,45.143,0.08648,0.035079,0.051401,0,1,1,0,0,1,1,1,1,1,1,1
4000,3533,0.000009,2050,0,254,0,0,0,2,0,0,0,1025,0,0,0,0,0,0.009,0,0,0,0,0,2,0,0,0,1,1,1,1,1,1,1
10815,80,0.315213,1302,268,254,252,2,1,10,6,255,255,130,45,1,0,1657.568439,81.730828,28.554111,59.245199,0.068144,0.018976,0.049168,0,1,1,0,0,1,3,1,1,1,1,1
16755,80,0.489608,8682,268,254,252,4,1,14,6,255,255,620,45,1,0,2140.566103,125.556797,32.29,88.456602,0.075372,0.047323,0.028049,0,1,1,0,0,1,1,1,1,1,1,1
32511,80,0.256677,1022,268,254,252,2,1,10,6,255,255,102,45,0,0,1286.961789,53.508348,25.012556,39.426801,0.085167,0.059532,0.025635,0,1,0,0,0,1,1,1,1,1,1,1
54215,80,3.422533,3006,482406,254,252,2,184,62,372,255,255,48,1297,0,0,2660.789828,1101.114492,56.1071,9.093644,0.102029,0.048024,0.054005,0,1,0,0,0,1,1,2,1,1,1,1
58460,80,0.553215,1302,268,254,252,2,1,10,6,255,255,130,45,0,0,3146.843315,158.934672,57.611222,97.146602,0.154293,0.067479,0.086814,0,1,0,0,0,1,1,1,1,1,1,1
6240,69,0.000004,92,0,254,0,0,0,2,0,0,0,46,0,0,0,0,0,0.004,0,0,0,0,0,2,0,0,0,1,15,4,1,1,1,1
11509,80,0.476089,1296,268,254,252,2,1,10,6,255,255,130,45,0,0,2719.321673,140.007906,52.898778,75.371797,0.104906,0.070645,0.034261,0,1,0,0,0,1,1,1,7,1,1,1
12694,80,0.595302,1296,268,254,252,2,1,10,6,255,255,130,45,0,0,3761.763261,170.039094,59.988889,103.168398,0.143299,0.079449,0.06385,0,1,0,0,0,1,1,1,8,1,1,1
28389,80,1.286678,1302,354,254,252,2,1,10,8,255,255,130,44,0,0,8987.440065,234.690859,138.953333,162.000859,0.253241,0.152666,0.100575,0,1,0,0,0,1,1,1,2,1,1,1
27564,1434,0.000011,808,0,254,0,0,0,2,0,0,0,404,0,0,0,0,0,0.011,0,0,0,0,0,2,0,0,0,2,1,1,1,1,1,1
7566,80,2.095087,2004,263720,254,252,2,100,38,204,255,255,53,1293,1,127488,2715.093495,1200.314438,56.623971,9.804177,0.157886,0.104189,0.053697,0,1,1,0,0,4,1,1,3,2,1,1
24561,80,0.431666,1294,354,254,252,2,1,10,8,255,255,129,44,1,0,3088.235721,113.840578,47.962889,52.069145,0.097639,0.047976,0.049663,0,1,1,0,0,1,1,1,1,1,1,1
43294,80,0.22641,1314,268,254,252,2,1,10,6,255,255,131,45,0,0,1105.716695,46.969715,22.389,34.993801,0.067477,0.051439,0.016038,0,1,0,0,0,2,2,1,1,1,1,1
34469,80,0.713732,1308,268,254,252,2,1,10,6,255,255,131,45,0,0,3826.819719,162.904703,79.144556,117.764398,0.232683,0.124904,0.107779,0,1,0,0,0,4,3,1,2,2,1,1
2318,80,0.556154,1296,268,254,252,2,1,10,6,255,255,130,45,0,0,3131.494886,137.110156,58.261,91.630602,0.230332,0.098,0.132332,0,1,0,0,0,4,1,1,1,1,1,1
9179,80,0.731113,1308,268,254,252,2,1,10,6,255,255,131,45,0,0,4007.445821,167.979797,81.186444,107.014797,0.246384,0.196027,0.050357,0,1,0,0,0,1,1,1,1,1,1,1
44381,80,0.544761,1282,268,254,252,2,1,10,6,255,255,128,45,1,0,3011.273709,139.396953,58.176889,89.090203,0.157189,0.099303,0.057886,0,1,1,0,0,1,1,1,1,1,1,1
29092,80,3.99375,2416,308476,254,252,2,116,48,236,255,255,50,1307,0,0,4002.976879,1923.690198,84.973407,16.561085,0.217738,0.101218,0.11652,0,1,0,0,0,1,2,1,1,1,1,1
4618,80,0.560773,1306,268,254,252,2,1,10,6,255,255,131,45,1,0,3096.431149,153.794734,62.216222,94.112602,0.146868,0.090199,0.056669,0,1,1,0,0,1,1,1,2,1,1,1
63237,80,1.428784,1292,354,254,252,2,1,10,8,255,255,129,44,1,0,8772.672668,338.968969,154.344444,188.606422,0.216481,0.108536,0.107945,0,1,1,0,0,2,1,1,1,1,1,1
10010,80,7.071333,5090,915210,254,252,2,346,112,696,255,255,45,1315,1,443364,3007.833895,1208.563053,63.705703,10.090862,0.136165,0.04431,0.091855,0,1,1,0,0,1,1,1,1,1,1,1
54306,80,0.269653,1006,268,254,252,2,1,10,6,255,255,101,45,1,0,1360.492067,66.16818,27.707444,48.263398,0.05576,0.028325,0.027435,0,1,1,0,0,1,1,1,1,1,1,1
26652,80,0.260798,1308,268,254,252,2,1,10,6,255,255,131,45,1,0,1448.225397,62.970301,27.180222,45.143,0.08648,0.035079,0.051401,0,1,1,0,0,1,1,1,1,1,1,1
4000,3533,0.000009,2050,0,254,0,0,0,2,0,0,0,1025,0,0,0,0,0,0.009,0,0,0,0,0,2,0,0,0,1,1,1,1,1,1,1
10815,80,0.315213,1302,268,254,252,2,1,10,6,255,255,130,45,1,0,1657.568439,81.730828,28.554111,59.245199,0.068144,0.018976,0.049168,0,1,1,0,0,1,3,1,1,1,1,1
16755,80,0.489608,8682,268,254,252,4,1,14,6,255,255,620,45,1,0,2140.566103,125.556797,32.29,88.456602,0.075372,0.047323,0.028049,0,1,1,0,0,1,1,1,1,1,1,1
32511,80,0.256677,1022,268,254,252,2,1,10,6,255,255,102,45,0,0,1286.961789,53.508348,25.012556,39.426801,0.085167,0.059532,0.025635,0,1,0,0,0,1,1,1,1,1,1,1
54215,80,3.422533,3006,482406,254,252,2,184,62,372,255,255,48,1297,0,0,2660.789828,1101.114492,56.1071,9.093644,0.102029,0.048024,0.054005,0,1,0,0,0,1,1,2,1,1,1,1
58460,80,0.553215,1302,268,254,252,2,1,10,6,255,255,130,45,0,0,3146.843315,158.934672,57.611222,97.146602,0.154293,0.067479,0.086814,0,1,0,0,0,1,1,1,1,1,1,1
6240,69,0.000004,92,0,254,0,0,0,2,0,0,0,46,0,0,0,0,0,0.004,0,0,0,0,0,2,0,0,0,1,15,4,1,1,1,1
11509,80,0.476089,1296,268,254,252,2,1,10,6,255,255,130,45,0,0,2719.321673,140.007906,52.898778,75.371797,0.104906,0.070645,0.034261,0,1,0,0,0,1,1,1,7,1,1,1
12694,80,0.595302,1296,268,254,252,2,1,10,6,255,255,130,45,0,0,3761.763261,170.039094,59.988889,103.168398,0.143299,0.079449,0.06385,0,1,0,0,0,1,1,1,8,1,1,1
28389,80,1.286678,1302,354,254,252,2,1,10,8,255,255,130,44,0,0,8987.440065,234.690859,138.953333,162.000859,0.253241,0.152666,0.100575,0,1,0,0,0,1,1,1,2,1,1,1
27564,1434,0.000011,808,0,254,0,0,0,2,0,0,0,404,0,0,0,0,0,0.011,0,0,0,0,0,2,0,0,0,2,1,1,1,1,1,1
7566,80,2.095087,2004,263720,254,252,2,100,38,204,255,255,53,1293,1,127488,2715.093495,1200.314438,56.623971,9.804177,0.157886,0.104189,0.053697,0,1,1,0,0,4,1,1,3,2,1,1
24561,80,0.431666,1294,354,254,252,2,1,10,8,255,255,129,44,1,0,3088.235721,113.840578,47.962889,52.069145,0.097639,0.047976,0.049663,0,1,1,0,0,1,1,1,1,1,1,1
43294,80,0.22641,1314,268,254,252,2,1,10,6,255,255,131,45,0,0,1105.716695,46.969715,22.389,34.993801,0.067477,0.051439,0.016038,0,1,0,0,0,2,2,1,1,1,1,1
34469,80,0.713732,1308,268,254,252,2,1,10,6,255,255,131,45,0,0,3826.819719,162.904703,79.144556,117.764398,0.232683,0.124904,0.107779,0,1,0,0,0,4,3,1,2,2,1,1
2318,80,0.556154,1296,268,254,252,2,1,10,6,255,255,130,45,0,0,3131.494886,137.110156,58.261,91.630602,0.230332,0.098,0.132332,0,1,0,0,0,4,1,1,1,1,1,1
9179,80,0.731113,1308,268,254,252,2,1,10,6,255,255,131,45,0,0,4007.445821,167.979797,81.186444,107.014797,0.246384,0.196027,0.050357,0,1,0,0,0,1,1,1,1,1,1,1
44381,80,0.544761,1282,268,254,252,2,1,10,6,255,255,128,45,1,0,3011.273709,139.396953,58.176889,89.090203,0.157189,0.099303,0.057886,0,1,1,0,0,1,1,1,1,1,1,1
29092,80,3.99375,2416,308476,254,252,2,116,48,236,255,255,50,1307,0,0,4002.976879,1923.690198,84.973407,16.561085,0.217738,0.101218,0.11652,0,1,0,0,0,1,2,1,1,1,1,1
4618,80,0.560773,1306,268,254,252,2,1,10,6,255,255,131,45,1,0,3096.431149,153.794734,62.216222,94.112602,0.146868,0.090199,0.056669,0,1,1,0,0,1,1,1,2,1,1,1
63237,80,1.428784,1292,354,254,252,2,1,10,8,255,255,129,44,1,0,8772.672668,338.968969,154.344444,188.606422,0.216481,0.108536,0.107945,0,1,1,0,0,2,1,1,1,1,1,1
10010,80,7.071333,5090,915210,254,252,2,346,112,696,255,255,45,1315,1,443364,3007.833895,1208.563053,63.705703,10.090862,0.136165,0.04431,0.091855,0,1,1,0,0,1,1,1,1,1,1,1
54306,80,0.269653,1006,268,254,252,2,1,10,6,255,255,101,45,1,0,1360.492067,66.16818,27.707444,48.263398,0.05576,0.028325,0.027435,0,1,1,0,0,1,1,1,1,1,1,1
26652,80,0.260798,1308,268,254,252,2,1,10,6,255,255,131,45,1,0,1448.225397,62.970301,27.180222,45.143,0.08648,0.035079,0.051401,0,1,1,0,0,1,1,1,1,1,1,1
4000,3533,0.000009,2050,0,254,0,0,0,2,0,0,0,1025,0,0,0,0,0,0.009,0,0,0,0,0,2,0,0,0,1,1,1,1,1,1,1
10815,80,0.315213,1302,268,254,252,2,1,10,6,255,255,130,45,1,0,1657.568439,81.730828,28.554111,59.245199,0.068144,0.018976,0.049168,0,1,1,0,0,1,3,1,1,1,1,1
16755,80,0.489608,8682,268,254,252,4,1,14,6,255,255,620,45,1,0,2140.566103,125.556797,32.29,88.456602,0.075372,0.047323,0.028049,0,1,1,0,0,1,1,1,1,1,1,1
32511,80,0.256677,1022,268,254,252,2,1,10,6,255,255,102,45,0,0,1286.961789,53.508348,25.012556,39.426801,0.085167,0.059532,0.025635,0,1,0,0,0,1,1,1,1,1,1,1
54215,80,3.422533,3006,482406,254,252,2,184,62,372,255,255,48,1297,0,0,2660.789828,1101.114492,56.1071,9.093644,0.102029,0.048024,0.054005,0,1,0,0,0,1,1,2,1,1,1,1
58460,80,0.553215,1302,268,254,252,2,1,10,6,255,255,130,45,0,0,3146.843315,158.934672,57.611222,97.146602,0.154293,0.067479,0.086814,0,1,0,0,0,1,1,1,1,1,1,1
6240,69,0.000004,92,0,254,0,0,0,2,0,0,0,46,0,0,0,0,0,0.004,0,0,0,0,0,2,0,0,0,1,15,4,1,1,1,1
11509,80,0.476089,1296,268,254,252,2,1,10,6,255,255,130,45,0,0,2719.321673,140.007906,52.898778,75.371797,0.104906,0.070645,0.034261,0,1,0,0,0,1,1,1,7,1,1,1
12694,80,0.595302,1296,268,254,252,2,1,10,6,255,255,130,45,0,0,3761.763261,170.039094,59.988889,103.168398,0.143299,0.079449,0.06385,0,1,0,0,0,1,1,1,8,1,1,1
28389,80,1.286678,1302,354,254,252,2,1,10,8,255,255,130,44,0,0,8987.440065,234.690859,138.953333,162.000859,0.253241,0.152666,0.100575,0,1,0,0,0,1,1,1,2,1,1,1
27564,1434,0.000011,808,0,254,0,0,0,2,0,0,0,404,0,0,0,0,0,0.011,0,0,0,0,0,2,0,0,0,2,1,1,1,1,1,1
7566,80,2.095087,2004,263720,254,252,2,100,38,204,255,255,53,1293,1,127488,2715.093495,1200.314438,56.623971,9.804177,0.157886,0.104189,0.053697,0,1,1,0,0,4,1,1,3,2,1,1
24561,80,0.431666,1294,354,254,252,2,1,10,8,255,255,129,44,1,0,3088.235721,113.840578,47.962889,52.069145,0.097639,0.047976,0.049663,0,1,1,0,0,1,1,1,1,1,1,1
43294,80,0.22641,1314,268,254,252,2,1,10,6,255,255,131,45,0,0,1105.716695,46.969715,22.389,34.993801,0.067477,0.051439,0.016038,0,1,0,0,0,2,2,1,1,1,1,1
34469,80,0.713732,1308,268,254,252,2,1,10,6,255,255,131,45,0,0,3826.819719,162.904703,79.144556,117.764398,0.232683,0.124904,0.107779,0,1,0,0,0,4,3,1,2,2,1,1
2318,80,0.556154,1296,268,254,252,2,1,10,6,255,255,130,45,0,0,3131.494886,137.110156,58.261,91.630602,0.230332,0.098,0.132332,0,1,0,0,0,4,1,1,1,1,1,1
9179,80,0.731113,1308,268,254,252,2,1,10,6,255,255,131,45,0,0,4007.445821,167.979797,81.186444,107.014797,0.246384,0.196027,0.050357,0,1,0,0,0,1,1,1,1,1,1,1
44381,80,0.544761,1282,268,254,252,2,1,10,6,255,255,128,45,1,0,3011.273709,139.396953,58.176889,89.090203,0.157189,0.099303,0.057886,0,1,1,0,0,1,1,1,1,1,1,1
29092,80,3.99375,2416,308476,254,252,2,116,48,236,255,255,50,1307,0,0,4002.976879,1923.690198,84.973407,16.561085,0.217738,0.101218,0.11652,0,1,0,0,0,1,2,1,1,1,1,1
4618,80,0.560773,1306,268,254,252,2,1,10,6,255,255,131,45,1,0,3096.431149,153.794734,62.216222,94.112602,0.146868,0.090199,0.056669,0,1,1,0,0,1,1,1,2,1,1,1
63237,80,1.428784,1292,354,254,252,2,1,10,8,255,255,129,44,1,0,8772.672668,338.968969,154.344444,188.606422,0.216481,0.108536,0.107945,0,1,1,0,0,2,1,1,1,1,1,1
10010,80,7.071333,5090,915210,254,252,2,346,112,696,255,255,45,1315,1,443364,3007.833895,1208.563053,63.705703,10.090862,0.136165,0.04431,0.091855,0,1,1,0,0,1,1,1,1,1,1,1
54306,80,0.269653,1006,268,254,252,2,1,10,6,255,255,101,45,1,0,1360.492067,66.16818,27.707444,48.263398,0.05576,0.028325,0.027435,0,1,1,0,0,1,1,1,1,1,1,1
26652,80,0.260798,1308,268,254,252,2,1,10,6,255,255,131,45,1,0,1448.225397,62.970301,27.180222,45.143,0.08648,0.035079,0.051401,0,1,1,0,0,1,1,1,1,1,1,1
4000,3533,0.000009,2050,0,254,0,0,0,2,0,0,0,1025,0,0,0,0,0,0.009,0,0,0,0,0,2,0,0,0,1,1,1,1,1,1,1
10815,80,0.315213,1302,268,254,252,2,1,10,6,255,255,130,45,1,0,1657.568439,81.730828,28.554111,59.245199,0.068144,0.018976,0.049168,0,1,1,0,0,1,3,1,1,1,1,1
16755,80,0.489608,8682,268,254,252,4,1,14,6,255,255,620,45,1,0,2140.566103,125.556797,32.29,88.456602,0.075372,0.047323,0.028049,0,1,1,0,0,1,1,1,1,1,1,1
32511,80,0.256677,1022,268,254,252,2,1,10,6,255,255,102,45,0,0,1286.961789,53.508348,25.012556,39.426801,0.085167,0.059532,0.025635,0,1,0,0,0,1,1,1,1,1,1,1
54215,80,3.422533,3006,482406,254,252,2,184,62,372,255,255,48,1297,0,0,2660.789828,1101.114492,56.1071,9.093644,0.102029,0.048024,0.054005,0,1,0,0,0,1,1,2,1,1,1,1
58460,80,0.553215,1302,268,254,252,2,1,10,6,255,255,130,45,0,0,3146.843315,158.934672,57.611222,97.146602,0.154293,0.067479,0.086814,0,1,0,0,0,1,1,1,1,1,1,1
6240,69,0.000004,92,0,254,0,0,0,2,0,0,0,46,0,0,0,0,0,0.004,0,0,0,0,0,2,0,0,0,1,15,4,1,1,1,1
11509,80,0.476089,1296,268,254,252,2,1,10,6,255,255,130,45,0,0,2719.321673,140.007906,52.898778,75.371797,0.104906,0.070645,0.034261,0,1,0,0,0,1,1,1,7,1,1,1
12694,80,0.595302,1296,268,254,252,2,1,10,6,255,255,130,45,0,0,3761.763261,170.039094,59.988889,103.168398,0.143299,0.079449,0.06385,0,1,0,0,0,1,1,1,8,1,1,1
28389,80,1.286678,1302,354,254,252,2,1,10,8,255,255,130,44,0,0,8987.440065,234.690859,138.953333,162.000859,0.253241,0.152666,0.100575,0,1,0,0,0,1,1,1,2,1,1,1
27564,1434,0.000011,808,0,254,0,0,0,2,0,0,0,404,0,0,0,0,0,0.011,0,0,0,0,0,2,0,0,0,2,1,1,1,1,1,1
7566,80,2.095087,2004,263720,254,252,2,100,38,204,255,255,53,1293,1,127488,2715.093495,1200.314438,56.623971,9.804177,0.157886,0.104189,0.053697,0,1,1,0,0,4,1,1,3,2,1,1
24561,80,0.431666,1294,354,254,252,2,1,10,8,255,255,129,44,1,0,3088.235721,113.840578,47.962889,52.069145,0.097639,0.047976,0.049663,0,1,1,0,0,1,1,1,1,1,1,1
43294,80,0.22641,1314,268,254,252,2,1,10,6,255,255,131,45,0,0,1105.716695,46.969715,22.389,34.993801,0.067477,0.051439,0.016038,0,1,0,0,0,2,2,1,1,1,1,1
34469,80,0.713732,1308,268,254,252,2,1,10,6,255,255,131,45,0,0,3826.819719,162.904703,79.144556,117.764398,0.232683,0.124904,0.107779,0,1,0,0,0,4,3,1,2,2,1,1
2318,80,0.556154,1296,268,254,252,2,1,10,6,255,255,130,45,0,0,3131.494886,137.110156,58.261,91.630602,0.230332,0.098,0.132332,0,1,0,0,0,4,1,1,1,1,1,1
9179,80,0.731113,1308,268,254,252,2,1,10,6,255,255,131,45,0,0,4007.445821,167.979797,81.186444,107.014797,0.246384,0.196027,0.050357,0,1,0,0,0,1,1,1,1,1,1,1
44381,80,0.544761,1282,268,254,252,2,1,10,6,255,255,128,45,1,0,3011.273709,139.396953,58.176889,89.090203,0.157189,0.099303,0.057886,0,1,1,0,0,1,1,1,1,1,1,1
29092,80,3.99375,2416,308476,254,252,2,116,48,236,255,255,50,1307,0,0,4002.976879,1923.690198,84.973407,16.561085,0.217738,0.101218,0.11652,0,1,0,0,0,1,2,1,1,1,1,1
4618,80,0.560773,1306,268,254,252,2,1,10,6,255,255,131,45,1,0,3096.431149,153.794734,62.216222,94.112602,0.146868,0.090199,0.056669,0,1,1,0,0,1,1,1,2,1,1,1
63237,80,1.428784,1292,354,254,252,2,1,10,8,255,255,129,44,1,0,8772.672668,338.968969,154.344444,188.606422,0.216481,0.108536,0.107945,0,1,1,0,0,2,1,1,1,1,1,1
10010,80,7.071333,5090,915210,254,252,2,346,112,696,255,255,45,1315,1,443364,3007.833895,1208.563053,63.705703,10.090862,0.136165,0.04431,0.091855,0,1,1,0,0,1,1,1,1,1,1,1
54306,80,0.269653,1006,268,254,252,2,1,10,6,255,255,101,45,1,0,1360.492067,66.16818,27.707444,48.263398,0.05576,0.028325,0.027435,0,1,1,0,0,1,1,1,1,1,1,1
26652,80,0.260798,1308,268,254,252,2,1,10,6,255,255,131,45,1,0,1448.225397,62.970301,27.180222,45.143,0.08648,0.035079,0.051401,0,1,1,0,0,1,1,1,1,1,1,1
4000,3533,0.000009,2050,0,254,0,0,0,2,0,0,0,1025,0,0,0,0,0,0.009,0,0,0,0,0,2,0,0,0,1,1,1,1,1,1,1
10815,80,0.315213,1302,268,254,252,2,1,10,6,255,255,130,45,1,0,1657.568439,81.730828,28.554111,59.245199,0.068144,0.018976,0.049168,0,1,1,0,0,1,3,1,1,1,1,1
16755,80,0.489608,8682,268,254,252,4,1,14,6,255,255,620,45,1,0,2140.566103,125.556797,32.29,88.456602,0.075372,0.047323,0.028049,0,1,1,0,0,1,1,1,1,1,1,1
32511,80,0.256677,1022,268,254,252,2,1,10,6,255,255,102,45,0,0,1286.961789,53.508348,25.012556,39.426801,0.085167,0.059532,0.025635,0,1,0,0,0,1,1,1,1,1,1,1
54215,80,3.422533,3006,482406,254,252,2,184,62,372,255,255,48,1297,0,0,2660.789828,1101.114492,56.1071,9.093644,0.102029,0.048024,0.054005,0,1,0,0,0,1,1,2,1,1,1,1
58460,80,0.553215,1302,268,254,252,2,1,10,6,255,255,130,45,0,0,3146.843315,158.934672,57.611222,97.146602,0.154293,0.067479,0.086814,0,1,0,0,0,1,1,1,1,1,1,1
6240,69,0.000004,92,0,254,0,0,0,2,0,0,0,46,0,0,0,0,0,0.004,0,0,0,0,0,2,0,0,0,1,15,4,1,1,1,1
11509,80,0.476089,1296,268,254,252,2,1,10,6,255,255,130,45,0,0,2719.321673,140.007906,52.898778,75.371797,0.104906,0.070645,0.034261,0,1,0,0,0,1,1,1,7,1,1,1
12694,80,0.595302,1296,268,254,252,2,1,10,6,255,255,130,45,0,0,3761.763261,170.039094,59.988889,103.168398,0.143299,0.079449,0.06385,0,1,0,0,0,1,1,1,8,1,1,1
28389,80,1.286678,1302,354,254,252,2,1,10,8,255,255,130,44,0,0,8987.440065,234.690859,138.953333,162.000859,0.253241,0.152666,0.100575,0,1,0,0,0,1,1,1,2,1,1,1
27564,1434,0.000011,808,0,254,0,0,0,2,0,0,0,404,0,0,0,0,0,0.011,0,0,0,0,0,2,0,0,0,2,1,1,1,1,1,1
7566,80,2.095087,2004,263720,254,252,2,100,38,204,255,255,53,1293,1,127488,2715.093495,1200.314438,56.623971,9.804177,0.157886,0.104189,0.053697,0,1,1,0,0,4,1,1,3,2,1,1
24561,80,0.431666,1294,354,254,252,2,1,10,8,255,255,129,44,1,0,3088.235721,113.840578,47.962889,52.069145,0.097639,0.047976,0.049663,0,1,1,0,0,1,1,1,1,1,1,1
43294,80,0.22641,1314,268,254,252,2,1,10,6,255,255,131,45,0,0,1105.716695,46.969715,22.389,34.993801,0.067477,0.051439,0.016038,0,1,0,0,0,2,2,1,1,1,1,1
34469,80,0.713732,1308,268,254,252,2,1,10,6,255,255,131,45,0,0,3826.819719,162.904703,79.144556,117.764398,0.232683,0.124904,0.107779,0,1,0,0,0,4,3,1,2,2,1,1
2318,80,0.556154,1296,268,254,252,2,1,10,6,255,255,130,45,0,0,3131.494886,137.110156,58.261,91.630602,0.230332,0.098,0.132332,0,1,0,0,0,4,1,1,1,1,1,1
9179,80,0.731113,1308,268,254,252,2,1,10,6,255,255,131,45,0,0,4007.445821,167.979797,81.186444,107.014797,0.246384,0.196027,0.050357,0,1,0,0,0,1,1,1,1,1,1,1
44381,80,0.544761,1282,268,254,252,2,1,10,6,255,255,128,45,1,0,3011.273709,139.396953,58.176889,89.090203,0.157189,0.099303,0.057886,0,1,1,0,0,1,1,1,1,1,1,1
29092,80,3.99375,2416,308476,254,252,2,116,48,236,255,255,50,1307,0,0,4002.976879,1923.690198,84.973407,16.561085,0.217738,0.101218,0.11652,0,1,0,0,0,1,2,1,1,1,1,1
4618,80,0.560773,1306,268,254,252,2,1,10,6,255,255,131,45,1,0,3096.431149,153.794734,62.216222,94.112602,0.146868,0.090199,0.056669,0,1,1,0,0,1,1,1,2,1,1,1
63237,80,1.428784,1292,354,254,252,2,1,10,8,255,255,129,44,1,0,8772.672668,338.968969,154.344444,188.606422,0.216481,0.108536,0.107945,0,1,1,0,0,2,1,1,1,1,1,1
10010,80,7.071333,5090,915210,254,252,2,346,112,696,255,255,45,1315,1,443364,3007.833895,1208.563053,63.705703,10.090862,0.136165,0.04431,0.091855,0,1,1,0,0,1,1,1,1,1,1,1
54306,80,0.269653,1006,268,254,252,2,1,10,6,255,255,101,45,1,0,1360.492067,66.16818,27.707444,48.263398,0.05576,0.028325,0.027435,0,1,1,0,0,1,1,1,1,1,1,1
26652,80,0.260798,1308,268,254,252,2,1,10,6,255,255,131,45,1,0,1448.225397,62.970301,27.180222,45.143,0.08648,0.035079,0.051401,0,1,1,0,0,1,1,1,1,1,1,1
4000,3533,0.000009,2050,0,254,0,0,0,2,0,0,0,1025,0,0,0,0,0,0.009,0,0,0,0,0,2,0,0,0,1,1,1,1,1,1,1
10815,80,0.315213,1302,268,254,252,2,1,10,6,255,255,130,45,1,0,1657.568439,81.730828,28.554111,59.245199,0.068144,0.018976,0.049168,0,1,1,0,0,1,3,1,1,1,1,1
16755,80,0.489608,8682,268,254,252,4,1,14,6,255,255,620,45,1,0,2140.566103,125.556797,32.29,88.456602,0.075372,0.047323,0.028049,0,1,1,0,0,1,1,1,1,1,1,1
32511,80,0.256677,1022,268,254,252,2,1,10,6,255,255,102,45,0,0,1286.961789,53.508348,25.012556,39.426801,0.085167,0.059532,0.025635,0,1,0,0,0,1,1,1,1,1,1,1
54215,80,3.422533,3006,482406,254,252,2,184,62,372,255,255,48,1297,0,0,2660.789828,1101.114492,56.1071,9.093644,0.102029,0.048024,0.054005,0,1,0,0,0,1,1,2,1,1,1,1
58460,80,0.553215,1302,268,254,252,2,1,10,6,255,255,130,45,0,0,3146.843315,158.934672,57.611222,97.146602,0.154293,0.067479,0.086814,0,1,0,0,0,1,1,1,1,1,1,1
6240,69,0.000004,92,0,254,0,0,0,2,0,0,0,46,0,0,0,0,0,0.004,0,0,0,0,0,2,0,0,0,1,15,4,1,1,1,1
11509,80,0.476089,1296,268,254,252,2,1,10,6,255,255,130,45,0,0,2719.321673,140.007906,52.898778,75.371797,0.104906,0.070645,0.034261,0,1,0,0,0,1,1,1,7,1,1,1
12694,80,0.595302,1296,268,254,252,2,1,10,6,255,255,130,45,0,0,3761.763261,170.039094,59.988889,103.168398,0.143299,0.079449,0.06385,0,1,0,0,0,1,1,1,8,1,1,1
28389,80,1.286678,1302,354,254,252,2,1,10,8,255,255,130,44,0,0,8987.440065,234.690859,138.953333,162.000859,0.253241,0.152666,0.100575,0,1,0,0,0,1,1,1,2,1,1,1
27564,1434,0.000011,808,0,254,0,0,0,2,0,0,0,404,0,0,0,0,0,0.011,0,0,0,0,0,2,0,0,0,2,1,1,1,1,1,1
7566,80,2.095087,2004,263720,254,252,2,100,38,204,255,255,53,1293,1,127488,2715.093495,1200.314438,56.623971,9.804177,0.157886,0.104189,0.053697,0,1,1,0,0,4,1,1,3,2,1,1
24561,80,0.431666,1294,354,254,252,2,1,10,8,255,255,129,44,1,0,3088.235721,113.840578,47.962889,52.069145,0.097639,0.047976,0.049663,0,1,1,0,0,1,1,1,1,1,1,1
43294,80,0.22641,1314,268,254,252,2,1,10,6,255,255,131,45,0,0,1105.716695,46.969715,22.389,34.993801,0.067477,0.051439,0.016038,0,1,0,0,0,2,2,1,1,1,1,1
34469,80,0.713732,1308,268,254,252,2,1,10,6,255,255,131,45,0,0,3826.819719,162.904703,79.144556,117.764398,0.232683,0.124904,0.107779,0,1,0,0,0,4,3,1,2,2,1,1
2318,80,0.556154,1296,268,254,252,2,1,10,6,255,255,130,45,0,0,3131.494886,137.110156,58.261,91.630602,0.230332,0.098,0.132332,0,1,0,0,0,4,1,1,1,1,1,1
9179,80,0.731113,1308,268,254,252,2,1,10,6,255,255,131,45,0,0,4007.445821,167.979797,81.186444,107.014797,0.246384,0.196027,0.050357,0,1,0,0,0,1,1,1,1,1,1,1
44381,80,0.544761,1282,268,254,252,2,1,10,6,255,255,128,45,1,0,3011.273709,139.396953,58.176889,89.090203,0.157189,0.099303,0.057886,0,1,1,0,0,1,1,1,1,1,1,1
29092,80,3.99375,2416,308476,254,252,2,116,48,236,255,255,50,1307,0,0,4002.976879,1923.690198,84.973407,16.561085,0.217738,0.101218,0.11652,0,1,0,0,0,1,2,1,1,1,1,1
4618,80,0.560773,1306,268,254,252,2,1,10,6,255,255,131,45,1,0,3096.431149,153.794734,62.216222,94.112602,0.146868,0.090199,0.056669,0,1,1,0,0,1,1,1,2,1,1,1
63237,80,1.428784,1292,354,254,252,2,1,10,8,255,255,129,44,1,0,8772.672668,338.968969,154.344444,188.606422,0.216481,0.108536,0.107945,0,1,1,0,0,2,1,1,1,1,1,1
10010,80,7.071333,5090,915210,254,252,2,346,112,696,255,255,45,1315,1,443364,3007.833895,1208.563053,63.705703,10.090862,0.136165,0.04431,0.091855,0,1,1,0,0,1,1,1,1,1,1,1
54306,80,0.269653,1006,268,254,252,2,1,10,6,255,255,101,45,1,0,1360.492067,66.16818,27.707444,48.263398,0.05576,0.028325,0.027435,0,1,1,0,0,1,1,1,1,1,1,1
26652,80,0.260798,1308,268,254,252,2,1,10,6,255,255,131,45,1,0,1448.225397,62.970301,27.180222,45.143,0.08648,0.035079,0.051401,0,1,1,0,0,1,1,1,1,1,1,1
4000,3533,0.000009,2050,0,254,0,0,0,2,0,0,0,1025,0,0,0,0,0,0.009,0,0,0,0,0,2,0,0,0,1,1,1,1,1,1,1
10815,80,0.315213,1302,268,254,252,2,1,10,6,255,255,130,45,1,0,1657.568439,81.730828,28.554111,59.245199,0.068144,0.018976,0.049168,0,1,1,0,0,1,3,1,1,1,1,1
16755,80,0.489608,8682,268,254,252,4,1,14,6,255,255,620,45,1,0,2140.566103,125.556797,32.29,88.456602,0.075372,0.047323,0.028049,0,1,1,0,0,1,1,1,1,1,1,1
32511,80,0.256677,1022,268,254,252,2,1,10,6,255,255,102,45,0,0,1286.961789,53.508348,25.012556,39.426801,0.085167,0.059532,0.025635,0,1,0,0,0,1,1,1,1,1,1,1
54215,80,3.422533,3006,482406,254,252,2,184,62,372,255,255,48,1297,0,0,2660.789828,1101.114492,56.1071,9.093644,0.102029,0.048024,0.054005,0,1,0,0,0,1,1,2,1,1,1,1
58460,80,0.553215,1302,268,254,252,2,1,10,6,255,255,130,45,0,0,3146.843315,158.934672,57.611222,97.146602,0.154293,0.067479,0.086814,0,1,0,0,0,1,1,1,1,1,1,1
6240,69,0.000004,92,0,254,0,0,0,2,0,0,0,46,0,0,0,0,0,0.004,0,0,0,0,0,2,0,0,0,1,15,4,1,1,1,1
11509,80,0.476089,1296,268,254,252,2,1,10,6,255,255,130,45,0,0,2719.321673,140.007906,52.898778,75.371797,0.104906,0.070645,0.034261,0,1,0,0,0,1,1,1,7,1,1,1
12694,80,0.595302,1296,268,254,252,2,1,10,6,255,255,130,45,0,0,3761.763261,170.039094,59.988889,103.168398,0.143299,0.079449,0.06385,0,1,0,0,0,1,1,1,8,1,1,1
28389,80,1.286678,1302,354,254,252,2,1,10,8,255,255,130,44,0,0,8987.440065,234.690859,138.953333,162.000859,0.253241,0.152666,0.100575,0,1,0,0,0,1,1,1,2,1,1,1
27564,1434,0.000011,808,0,254,0,0,0,2,0,0,0,404,0,0,0,0,0,0.011,0,0,0,0,0,2,0,0,0,2,1,1,1,1,1,1
7566,80,2.095087,2004,263720,254,252,2,100,38,204,255,255,53,1293,1,127488,2715.093495,1200.314438,56.623971,9.804177,0.157886,0.104189,0.053697,0,1,1,0,0,4,1,1,3,2,1,1
24561,80,0.431666,1294,354,254,252,2,1,10,8,255,255,129,44,1,0,3088.235721,113.840578,47.962889,52.069145,0.097639,0.047976,0.049663,0,1,1,0,0,1,1,1,1,1,1,1
43294,80,0.22641,1314,268,254,252,2,1,10,6,255,255,131,45,0,0,1105.716695,46.969715,22.389,34.993801,0.067477,0.051439,0.016038,0,1,0,0,0,2,2,1,1,1,1,1
34469,80,0.713732,1308,268,254,252,2,1,10,6,255,255,131,45,0,0,3826.819719,162.904703,79.144556,117.764398,0.232683,0.124904,0.107779,0,1,0,0,0,4,3,1,2,2,1,1
2318,80,0.556154,1296,268,254,252,2,1,10,6,255,255,130,45,0,0,3131.494886,137.110156,58.261,91.630602,0.230332,0.098,0.132332,0,1,0,0,0,4,1,1,1,1,1,1
9179,80,0.731113,1308,268,254,252,2,1,10,6,255,255,131,45,0,0,4007.445821,167.979797,81.186444,107.014797,0.246384,0.196027,0.050357,0,1,0,0,0,1,1,1,1,1,1,1
44381,80,0.544761,1282,268,254,252,2,1,10,6,255,255,128,45,1,0,3011.273709,139.396953,58.176889,89.090203,0.157189,0.099303,0.057886,0,1,1,0,0,1,1,1,1,1,1,1
29092,80,3.99375,2416,308476,254,252,2,116,48,236,255,255,50,1307,0,0,4002.976879,1923.690198,84.973407,16.561085,0.217738,0.101218,0.11652,0,1,0,0,0,1,2,1,1,1,1,1
4618,80,0.560773,1306,268,254,252,2,1,10,6,255,255,131,45,1,0,3096.431149,153.794734,62.216222,94.112602,0.146868,0.090199,0.056669,0,1,1,0,0,1,1,1,2,1,1,1
63237,80,1.428784,1292,354,254,252,2,1,10,8,255,255,129,44,1,0,8772.672668,338.968969,154.344444,188.606422,0.216481,0.108536,0.107945,0,1,1,0,0,2,1,1,1,1,1,1
10010,80,7.071333,5090,915210,254,252,2,346,112,696,255,255,45,1315,1,443364,3007.833895,1208.563053,63.705703,10.090862,0.136165,0.04431,0.091855,0,1,1,0,0,1,1,1,1,1,1,1
54306,80,0.269653,1006,268,254,252,2,1,10,6,255,255,101,45,1,0,1360.492067,66.16818,27.707444,48.263398,0.05576,0.028325,0.027435,0,1,1,0,0,1,1,1,1,1,1,1
26652,80,0.260798,1308,268,254,252,2,1,10,6,255,255,131,45,1,0,1448.225397,62.970301,27.180222,45.143,0.08648,0.035079,0.051401,0,1,1,0,0,1,1,1,1,1,1,1
4000,3533,0.000009,2050,0,254,0,0,0,2,0,0,0,1025,0,0,0,0,0,0.009,0,0,0,0,0,2,0,0,0,1,1,1,1,1,1,1
10815,80,0.315213,1302,268,254,252,2,1,10,6,255,255,130,45,1,0,1657.568439,81.730828,28.554111,59.245199,0.068144,0.018976,0.049168,0,1,1,0,0,1,3,1,1,1,1,1
16755,80,0.489608,8682,268,254,252,4,1,14,6,255,255,620,45,1,0,2140.566103,125.556797,32.29,88.456602,0.075372,0.047323,0.028049,0,1,1,0,0,1,1,1,1,1,1,1
32511,80,0.256677,1022,268,254,252,2,1,10,6,255,255,102,45,0,0,1286.961789,53.508348,25.012556,39.426801,0.085167,0.059532,0.025635,0,1,0,0,0,1,1,1,1,1,1,1
54215,80,3.422533,3006,482406,254,252,2,184,62,372,255,255,48,1297,0,0,2660.789828,1101.114492,56.1071,9.093644,0.102029,0.048024,0.054005,0,1,0,0,0,1,1,2,1,1,1,1
58460,80,0.553215,1302,268,254,252,2,1,10,6,255,255,130,45,0,0,3146.843315,158.934672,57.611222,97.146602,0.154293,0.067479,0.086814,0,1,0,0,0,1,1,1,1,1,1,1
6240,69,0.000004,92,0,254,0,0,0,2,0,0,0,46,0,0,0,0,0,0.004,0,0,0,0,0,2,0,0,0,1,15,4,1,1,1,1
11509,80,0.476089,1296,268,254,252,2,1,10,6,255,255,130,45,0,0,2719.321673,140.007906,52.898778,75.371797,0.104906,0.070645,0.034261,0,1,0,0,0,1,1,1,7,1,1,1
12694,80,0.595302,1296,268,254,252,2,1,10,6,255,255,130,45,0,0,3761.763261,170.039094,59.988889,103.168398,0.143299,0.079449,0.06385,0,1,0,0,0,1,1,1,8,1,1,1
28389,80,1.286678,1302,354,254,252,2,1,10,8,255,255,130,44,0,0,8987.440065,234.690859,138.953333,162.000859,0.253241,0.152666,0.100575,0,1,0,0,0,1,1,1,2,1,1,1
27564,1434,0.000011,808,0,254,0,0,0,2,0,0,0,404,0,0,0,0,0,0.011,0,0,0,0,0,2,0,0,0,2,1,1,1,1,1,1
7566,80,2.095087,2004,263720,254,252,2,100,38,204,255,255,53,1293,1,127488,2715.093495,1200.314438,56.623971,9.804177,0.157886,0.104189,0.053697,0,1,1,0,0,4,1,1,3,2,1,1
24561,80,0.431666,1294,354,254,252,2,1,10,8,255,255,129,44,1,0,3088.235721,113.840578,47.962889,52.069145,0.097639,0.047976,0.049663,0,1,1,0,0,1,1,1,1,1,1,1
43294,80,0.22641,1314,268,254,252,2,1,10,6,255,255,131,45,0,0,1105.716695,46.969715,22.389,34.993801,0.067477,0.051439,0.016038,0,1,0,0,0,2,2,1,1,1,1,1
34469,80,0.713732,1308,268,254,252,2,1,10,6,255,255,131,45,0,0,3826.819719,162.904703,79.144556,117.764398,0.232683,0.124904,0.107779,0,1,0,0,0,4,3,1,2,2,1,1
2318,80,0.556154,1296,268,254,252,2,1,10,6,255,255,130,45,0,0,3131.494886,137.110156,58.261,91.630602,0.230332,0.098,0.132332,0,1,0,0,0,4,1,1,1,1,1,1
9179,80,0.731113,1308,268,254,252,2,1,10,6,255,255,131,45,0,0,4007.445821,167.979797,81.186444,107.014797,0.246384,0.196027,0.050357,0,1,0,0,0,1,1,1,1,1,1,1
44381,80,0.544761,1282,268,254,252,2,1,10,6,255,255,128,45,1,0,3011.273709,139.396953,58.176889,89.090203,0.157189,0.099303,0.057886,0,1,1,0,0,1,1,1,1,1,1,1
29092,80,3.99375,2416,308476,254,252,2,116,48,236,255,255,50,1307,0,0,4002.976879,1923.690198,84.973407,16.561085,0.217738,0.101218,0.11652,0,1,0,0,0,1,2,1,1,1,1,1
4618,80,0.560773,1306,268,254,252,2,1,10,6,255,255,131,45,1,0,3096.431149,153.794734,62.216222,94.112602,0.146868,0.090199,0.056669,0,1,1,0,0,1,1,1,2,1,1,1
63237,80,1.428784,1292,354,254,252,2,1,10,8,255,255,129,44,1,0,8772.672668,338.968969,154.344444,188.606422,0.216481,0.108536,0.107945,0,1,1,0,0,2,1,1,1,1,1,1
10010,80,7.071333,5090,915210,254,252,2,346,112,696,255,255,45,1315,1,443364,3007.833895,1208.563053,63.705703,10.090862,0.136165,0.04431,0.091855,0,1,1,0,0,1,1,1,1,1,1,1
54306,80,0.269653,1006,268,254,252,2,1,10,6,255,255,101,45,1,0,1360.492067,66.16818,27.707444,48.263398,0.05576,0.028325,0.027435,0,1,1,0,0,1,1,1,1,1,1,1
26652,80,0.260798,1308,268,254,252,2,1,10,6,255,255,131,45,1,0,1448.225397,62.970301,27.180222,45.143,0.08648,0.035079,0.051401,0,1,1,0,0,1,1,1,1,1,1,1
4000,3533,0.000009,2050,0,254,0,0,0,2,0,0,0,1025,0,0,0,0,0,0.009,0,0,0,0,0,2,0,0,0,1,1,1,1,1,1,1
10815,80,0.315213,1302,268,254,252,2,1,10,6,255,255,130,45,1,0,1657.568439,81.730828,28.554111,59.245199,0.068144,0.018976,0.049168,0,1,1,0,0,1,3,1,1,1,1,1
16755,80,0.489608,8682,268,254,252,4,1,14,6,255,255,620,45,1,0,2140.566103,125.556797,32.29,88.456602,0.075372,0.047323,0.028049,0,1,1,0,0,1,1,1,1,1,1,1
32511,80,0.256677,1022,268,254,252,2,1,10,6,255,255,102,45,0,0,1286.961789,53.508348,25.012556,39.426801,0.085167,0.059532,0.025635,0,1,0,0,0,1,1,1,1,1,1,1
54215,80,3.422533,3006,482406,254,252,2,184,62,372,255,255,48,1297,0,0,2660.789828,1101.114492,56.1071,9.093644,0.102029,0.048024,0.054005,0,1,0,0,0,1,1,2,1,1,1,1
58460,80,0.553215,1302,268,254,252,2,1,10,6,255,255,130,45,0,0,3146.843315,158.934672,57.611222,97.146602,0.154293,0.067479,0.086814,0,1,0,0,0,1,1,1,1,1,1,1
6240,69,0.000004,92,0,254,0,0,0,2,0,0,0,46,0,0,0,0,0,0.004,0,0,0,0,0,2,0,0,0,1,15,4,1,1,1,1
11509,80,0.476089,1296,268,254,252,2,1,10,6,255,255,130,45,0,0,2719.321673,140.007906,52.898778,75.371797,0.104906,0.070645,0.034261,0,1,0,0,0,1,1,1,7,1,1,1
12694,80,0.595302,1296,268,254,252,2,1,10,6,255,255,130,45,0,0,3761.763261,170.039094,59.988889,103.168398,0.143299,0.079449,0.06385,0,1,0,0,0,1,1,1,8,1,1,1
28389,80,1.286678,1302,354,254,252,2,1,10,8,255,255,130,44,0,0,8987.440065,234.690859,138.953333,162.000859,0.253241,0.152666,0.100575,0,1,0,0,0,1,1,1,2,1,1,1
27564,1434,0.000011,808,0,254,0,0,0,2,0,0,0,404,0,0,0,0,0,0.011,0,0,0,0,0,2,0,0,0,2,1,1,1,1,1,1
7566,80,2.095087,2004,263720,254,252,2,100,38,204,255,255,53,1293,1,127488,2715.093495,1200.314438,56.623971,9.804177,0.157886,0.104189,0.053697,0,1,1,0,0,4,1,1,3,2,1,1
24561,80,0.431666,1294,354,254,252,2,1,10,8,255,255,129,44,1,0,3088.235721,113.840578,47.962889,52.069145,0.097639,0.047976,0.049663,0,1,1,0,0,1,1,1,1,1,1,1
43294,80,0.22641,1314,268,254,252,2,1,10,6,255,255,131,45,0,0,1105.716695,46.969715,22.389,34.993801,0.067477,0.051439,0.016038,0,1,0,0,0,2,2,1,1,1,1,1
34469,80,0.713732,1308,268,254,252,2,1,10,6,255,255,131,45,0,0,3826.819719,162.904703,79.144556,117.764398,0.232683,0.124904,0.107779,0,1,0,0,0,4,3,1,2,2,1,1
2318,80,0.556154,1296,268,254,252,2,1,10,6,255,255,130,45,0,0,3131.494886,137.110156,58.261,91.630602,0.230332,0.098,0.132332,0,1,0,0,0,4,1,1,1,1,1,1
9179,80,0.731113,1308,268,254,252,2,1,10,6,255,255,131,45,0,0,4007.445821,167.979797,81.186444,107.014797,0.246384,0.196027,0.050357,0,1,0,0,0,1,1,1,1,1,1,1
44381,80,0.544761,1282,268,254,252,2,1,10,6,255,255,128,45,1,0,3011.273709,139.396953,58.176889,89.090203,0.157189,0.099303,0.057886,0,1,1,0,0,1,1,1,1,1,1,1
29092,80,3.99375,2416,308476,254,252,2,116,48,236,255,255,50,1307,0,0,4002.976879,1923.690198,84.973407,16.561085,0.217738,0.101218,0.11652,0,1,0,0,0,1,2,1,1,1,1,1
4618,80,0.560773,1306,268,254,252,2,1,10,6,255,255,131,45,1,0,3096.431149,153.794734,62.216222,94.112602,0.146868,0.090199,0.056669,0,1,1,0,0,1,1,1,2,1,1,1
63237,80,1.428784,1292,354,254,252,2,1,10,8,255,255,129,44,1,0,8772.672668,338.968969,154.344444,188.606422,0.216481,0.108536,0.107945,0,1,1,0,0,2,1,1,1,1,1,1
10010,80,7.071333,5090,915210,254,252,2,346,112,696,255,255,45,1315,1,443364,3007.833895,1208.563053,63.705703,10.090862,0.136165,0.04431,0.091855,0,1,1,0,0,1,1,1,1,1,1,1
54306,80,0.269653,1006,268,254,252,2,1,10,6,255,255,101,45,1,0,1360.492067,66.16818,27.707444,48.263398,0.05576,0.028325,0.027435,0,1,1,0,0,1,1,1,1,1,1,1
26652,80,0.260798,1308,268,254,252,2,1,10,6,255,255,131,45,1,0,1448.225397,62.970301,27.180222,45.143,0.08648,0.035079,0.051401,0,1,1,0,0,1,1,1,1,1,1,1
4000,3533,0.000009,2050,0,254,0,0,0,2,0,0,0,1025,0,0,0,0,0,0.009,0,0,0,0,0,2,0,0,0,1,1,1,1,1,1,1
10815,80,0.315213,1302,268,254,252,2,1,10,6,255,255,130,45,1,0,1657.568439,81.730828,28.554111,59.245199,0.068144,0.018976,0.049168,0,1,1,0,0,1,3,1,1,1,1,1
16755,80,0.489608,8682,268,254,252,4,1,14,6,255,255,620,45,1,0,2140.566103,125.556797,32.29,88.456602,0.075372,0.047323,0.028049,0,1,1,0,0,1,1,1,1,1,1,1
32511,80,0.256677,1022,268,254,252,2,1,10,6,255,255,102,45,0,0,1286.961789,53.508348,25.012556,39.426801,0.085167,0.059532,0.025635,0,1,0,0,0,1,1,1,1,1,1,1
54215,80,3.422533,3006,482406,254,252,2,184,62,372,255,255,48,1297,0,0,2660.789828,1101.114492,56.1071,9.093644,0.102029,0.048024,0.054005,0,1,0,0,0,1,1,2,1,1,1,1
58460,80,0.553215,1302,268,254,252,2,1,10,6,255,255,130,45,0,0,3146.843315,158.934672,57.611222,97.146602,0.154293,0.067479,0.086814,0,1,0,0,0,1,1,1,1,1,1,1
6240,69,0.000004,92,0,254,0,0,0,2,0,0,0,46,0,0,0,0,0,0.004,0,0,0,0,0,2,0,0,0,1,15,4,1,1,1,1
11509,80,0.476089,1296,268,254,252,2,1,10,6,255,255,130,45,0,0,2719.321673,140.007906,52.898778,75.371797,0.104906,0.070645,0.034261,0,1,0,0,0,1,1,1,7,1,1,1
12694,80,0.595302,1296,268,254,252,2,1,10,6,255,255,130,45,0,0,3761.763261,170.039094,59.988889,103.168398,0.143299,0.079449,0.06385,0,1,0,0,0,1,1,1,8,1,1,1
28389,80,1.286678,1302,354,254,252,2,1,10,8,255,255,130,44,0,0,8987.440065,234.690859,138.953333,162.000859,0.253241,0.152666,0.100575,0,1,0,0,0,1,1,1,2,1,1,1
27564,1434,0.000011,808,0,254,0,0,0,2,0,0,0,404,0,0,0,0,0,0.011,0,0,0,0,0,2,0,0,0,2,1,1,1,1,1,1
7566,80,2.095087,2004,263720,254,252,2,100,38,204,255,255,53,1293,1,127488,2715.093495,1200.314438,56.623971,9.804177,0.157886,0.104189,0.053697,0,1,1,0,0,4,1,1,3,2,1,1
24561,80,0.431666,1294,354,254,252,2,1,10,8,255,255,129,44,1,0,3088.235721,113.840578,47.962889,52.069145,0.097639,0.047976,0.049663,0,1,1,0,0,1,1,1,1,1,1,1
43294,80,0.22641,1314,268,254,252,2,1,10,6,255,255,131,45,0,0,1105.716695,46.969715,22.389,34.993801,0.067477,0.051439,0.016038,0,1,0,0,0,2,2,1,1,1,1,1
34469,80,0.713732,1308,268,254,252,2,1,10,6,255,255,131,45,0,0,3826.819719,162.904703,79.144556,117.764398,0.232683,0.124904,0.107779,0,1,0,0,0,4,3,1,2,2,1,1
2318,80,0.556154,1296,268,254,252,2,1,10,6,255,255,130,45,0,0,3131.494886,137.110156,58.261,91.630602,0.230332,0.098,0.132332,0,1,0,0,0,4,1,1,1,1,1,1
9179,80,0.731113,1308,268,254,252,2,1,10,6,255,255,131,45,0,0,4007.445821,167.979797,81.186444,107.014797,0.246384,0.196027,0.050357,0,1,0,0,0,1,1,1,1,1,1,1
44381,80,0.544761,1282,268,254,252,2,1,10,6,255,255,128,45,1,0,3011.273709,139.396953,58.176889,89.090203,0.157189,0.099303,0.057886,0,1,1,0,0,1,1,1,1,1,1,1
29092,80,3.99375,2416,308476,254,252,2,116,48,236,255,255,50,1307,0,0,4002.976879,1923.690198,84.973407,16.561085,0.217738,0.101218,0.11652,0,1,0,0,0,1,2,1,1,1,1,1
4618,80,0.560773,1306,268,254,252,2,1,10,6,255,255,131,45,1,0,3096.431149,153.794734,62.216222,94.112602,0.146868,0.090199,0.056669,0,1,1,0,0,1,1,1,2,1,1,1
63237,80,1.428784,1292,354,254,252,2,1,10,8,255,255,129,44,1,0,8772.672668,338.968969,154.344444,188.606422,0.216481,0.108536,0.107945,0,1,1,0,0,2,1,1,1,1,1,1
10010,80,7.071333,5090,915210,254,252,2,346,112,696,255,255,45,1315,1,443364,3007.833895,1208.563053,63.705703,10.090862,0.136165,0.04431,0.091855,0,1,1,0,0,1,1,1,1,1,1,1
54306,80,0.269653,1006,268,254,252,2,1,10,6,255,255,101,45,1,0,1360.492067,66.16818,27.707444,48.263398,0.05576,0.028325,0.027435,0,1,1,0,0,1,1,1,1,1,1,1
26652,80,0.260798,1308,268,254,252,2,1,10,6,255,255,131,45,1,0,1448.225397,62.970301,27.180222,45.143,0.08648,0.035079,0.051401,0,1,1,0,0,1,1,1,1,1,1,1
4000,3533,0.000009,2050,0,254,0,0,0,2,0,0,0,1025,0,0,0,0,0,0.009,0,0,0,0,0,2,0,0,0,1,1,1,1,1,1,1
10815,80,0.315213,1302,268,254,252,2,1,10,6,255,255,130,45,1,0,1657.568439,81.730828,28.554111,59.245199,0.068144,0.018976,0.049168,0,1,1,0,0,1,3,1,1,1,1,1
16755,80,0.489608,8682,268,254,252,4,1,14,6,255,255,620,45,1,0,2140.566103,125.556797,32.29,88.456602,0.075372,0.047323,0.028049,0,1,1,0,0,1,1,1,1,1,1,1
32511,80,0.256677,1022,268,254,252,2,1,10,6,255,255,102,45,0,0,1286.961789,53.508348,25.012556,39.426801,0.085167,0.059532,0.025635,0,1,0,0,0,1,1,1,1,1,1,1
54215,80,3.422533,3006,482406,254,252,2,184,62,372,255,255,48,1297,0,0,2660.789828,1101.114492,56.1071,9.093644,0.102029,0.048024,0.054005,0,1,0,0,0,1,1,2,1,1,1,1
58460,80,0.553215,1302,268,254,252,2,1,10,6,255,255,130,45,0,0,3146.843315,158.934672,57.611222,97.146602,0.154293,0.067479,0.086814,0,1,0,0,0,1,1,1,1,1,1,1
6240,69,0.000004,92,0,254,0,0,0,2,0,0,0,46,0,0,0,0,0,0.004,0,0,0,0,0,2,0,0,0,1,15,4,1,1,1,1
11509,80,0.476089,1296,268,254,252,2,1,10,6,255,255,130,45,0,0,2719.321673,140.007906,52.898778,75.371797,0.104906,0.070645,0.034261,0,1,0,0,0,1,1,1,7,1,1,1
12694,80,0.595302,1296,268,254,252,2,1,10,6,255,255,130,45,0,0,3761.763261,170.039094,59.988889,103.168398,0.143299,0.079449,0.06385,0,1,0,0,0,1,1,1,8,1,1,1
28389,80,1.286678,1302,354,254,252,2,1,10,8,255,255,130,44,0,0,8987.440065,234.690859,138.953333,162.000859,0.253241,0.152666,0.100575,0,1,0,0,0,1,1,1,2,1,1,1
27564,1434,0.000011,808,0,254,0,0,0,2,0,0,0,404,0,0,0,0,0,0.011,0,0,0,0,0,2,0,0,0,2,1,1,1,1,1,1
7566,80,2.095087,2004,263720,254,252,2,100,38,204,255,255,53,1293,1,127488,2715.093495,1200.314438,56.623971,9.804177,0.157886,0.104189,0.053697,0,1,1,0,0,4,1,1,3,2,1,1
24561,80,0.431666,1294,354,254,252,2,1,10,8,255,255,129,44,1,0,3088.235721,113.840578,47.962889,52.069145,0.097639,0.047976,0.049663,0,1,1,0,0,1,1,1,1,1,1,1
43294,80,0.22641,1314,268,254,252,2,1,10,6,255,255,131,45,0,0,1105.716695,46.969715,22.389,34.993801,0.067477,0.051439,0.016038,0,1,0,0,0,2,2,1,1,1,1,1
34469,80,0.713732,1308,268,254,252,2,1,10,6,255,255,131,45,0,0,3826.819719,162.904703,79.144556,117.764398,0.232683,0.124904,0.107779,0,1,0,0,0,4,3,1,2,2,1,1
2318,80,0.556154,1296,268,254,252,2,1,10,6,255,255,130,45,0,0,3131.494886,137.110156,58.261,91.630602,0.230332,0.098,0.132332,0,1,0,0,0,4,1,1,1,1,1,1
9179,80,0.731113,1308,268,254,252,2,1,10,6,255,255,131,45,0,0,4007.445821,167.979797,81.186444,107.014797,0.246384,0.196027,0.050357,0,1,0,0,0,1,1,1,1,1,1,1
44381,80,0.544761,1282,268,254,252,2,1,10,6,255,255,128,45,1,0,3011.273709,139.396953,58.176889,89.090203,0.157189,0.099303,0.057886,0,1,1,0,0,1,1,1,1,1,1,1
29092,80,3.99375,2416,308476,254,252,2,116,48,236,255,255,50,1307,0,0,4002.976879,1923.690198,84.973407,16.561085,0.217738,0.101218,0.11652,0,1,0,0,0,1,2,1,1,1,1,1
4618,80,0.560773,1306,268,254,252,2,1,10,6,255,255,131,45,1,0,3096.431149,153.794734,62.216222,94.112602,0.146868,0.090199,0.056669,0,1,1,0,0,1,1,1,2,1,1,1
63237,80,1.428784,1292,354,254,252,2,1,10,8,255,255,129,44,1,0,8772.672668,338.968969,154.344444,188.606422,0.216481,0.108536,0.107945,0,1,1,0,0,2,1,1,1,1,1,1
10010,80,7.071333,5090,915210,254,252,2,346,112,696,255,255,45,1315,1,443364,3007.833895,1208.563053,63.705703,10.090862,0.136165,0.04431,0.091855,0,1,1,0,0,1,1,1,1,1,1,1
54306,80,0.269653,1006,268,254,252,2,1,10,6,255,255,101,45,1,0,1360.492067,66.16818,27.707444,48.263398,0.05576,0.028325,0.027435,0,1,1,0,0,1,1,1,1,1,1,1
26652,80,0.260798,1308,268,254,252,2,1,10,6,255,255,131,45,1,0,1448.225397,62.970301,27.180222,45.143,0.08648,0.035079,0.051401,0,1,1,0,0,1,1,1,1,1,1,1
4000,3533,0.000009,2050,0,254,0,0,0,2,0,0,0,1025,0,0,0,0,0,0.009,0,0,0,0,0,2,0,0,0,1,1,1,1,1,1,1
10815,80,0.315213,1302,268,254,252,2,1,10,6,255,255,130,45,1,0,1657.568439,81.730828,28.554111,59.245199,0.068144,0.018976,0.049168,0,1,1,0,0,1,3,1,1,1,1,1
16755,80,0.489608,8682,268,254,252,4,1,14,6,255,255,620,45,1,0,2140.566103,125.556797,32.29,88.456602,0.075372,0.047323,0.028049,0,1,1,0,0,1,1,1,1,1,1,1
32511,80,0.256677,1022,268,254,252,2,1,10,6,255,255,102,45,0,0,1286.961789,53.508348,25.012556,39.426801,0.085167,0.059532,0.025635,0,1,0,0,0,1,1,1,1,1,1,1
54215,80,3.422533,3006,482406,254,252,2,184,62,372,255,255,48,1297,0,0,2660.789828,1101.114492,56.1071,9.093644,0.102029,0.048024,0.054005,0,1,0,0,0,1,1,2,1,1,1,1
58460,80,0.553215,1302,268,254,252,2,1,10,6,255,255,130,45,0,0,3146.843315,158.934672,57.611222,97.146602,0.154293,0.067479,0.086814,0,1,0,0,0,1,1,1,1,1,1,1
6240,69,0.000004,92,0,254,0,0,0,2,0,0,0,46,0,0,0,0,0,0.004,0,0,0,0,0,2,0,0,0,1,15,4,1,1,1,1
11509,80,0.476089,1296,268,254,252,2,1,10,6,255,255,130,45,0,0,2719.321673,140.007906,52.898778,75.371797,0.104906,0.070645,0.034261,0,1,0,0,0,1,1,1,7,1,1,1
12694,80,0.595302,1296,268,254,252,2,1,10,6,255,255,130,45,0,0,3761.763261,170.039094,59.988889,103.168398,0.143299,0.079449,0.06385,0,1,0,0,0,1,1,1,8,1,1,1
28389,80,1.286678,1302,354,254,252,2,1,10,8,255,255,130,44,0,0,8987.440065,234.690859,138.953333,162.000859,0.253241,0.152666,0.100575,0,1,0,0,0,1,1,1,2,1,1,1
27564,1434,0.000011,808,0,254,0,0,0,2,0,0,0,404,0,0,0,0,0,0.011,0,0,0,0,0,2,0,0,0,2,1,1,1,1,1,1
7566,80,2.095087,2004,263720,254,252,2,100,38,204,255,255,53,1293,1,127488,2715.093495,1200.314438,56.623971,9.804177,0.157886,0.104189,0.053697,0,1,1,0,0,4,1,1,3,2,1,1
24561,80,0.431666,1294,354,254,252,2,1,10,8,255,255,129,44,1,0,3088.235721,113.840578,47.962889,52.069145,0.097639,0.047976,0.049663,0,1,1,0,0,1,1,1,1,1,1,1
43294,80,0.22641,1314,268,254,252,2,1,10,6,255,255,131,45,0,0,1105.716695,46.969715,22.389,34.993801,0.067477,0.051439,0.016038,0,1,0,0,0,2,2,1,1,1,1,1
34469,80,0.713732,1308,268,254,252,2,1,10,6,255,255,131,45,0,0,3826.819719,162.904703,79.144556,117.764398,0.232683,0.124904,0.107779,0,1,0,0,0,4,3,1,2,2,1,1
2318,80,0.556154,1296,268,254,252,2,1,10,6,255,255,130,45,0,0,3131.494886,137.110156,58.261,91.630602,0.230332,0.098,0.132332,0,1,0,0,0,4,1,1,1,1,1,1
9179,80,0.731113,1308,268,254,252,2,1,10,6,255,255,131,45,0,0,4007.445821,167.979797,81.186444,107.014797,0.246384,0.196027,0.050357,0,1,0,0,0,1,1,1,1,1,1,1
44381,80,0.544761,1282,268,254,252,2,1,10,6,255,255,128,45,1,0,3011.273709,139.396953,58.176889,89.090203,0.157189,0.099303,0.057886,0,1,1,0,0,1,1,1,1,1,1,1
29092,80,3.99375,2416,308476,254,252,2,116,48,236,255,255,50,1307,0,0,4002.976879,1923.690198,84.973407,16.561085,0.217738,0.101218,0.11652,0,1,0,0,0,1,2,1,1,1,1,1
4618,80,0.560773,1306,268,254,252,2,1,10,6,255,255,131,45,1,0,3096.431149,153.794734,62.216222,94.112602,0.146868,0.090199,0.056669,0,1,1,0,0,1,1,1,2,1,1,1
63237,80,1.428784,1292,354,254,252,2,1,10,8,255,255,129,44,1,0,8772.672668,338.968969,154.344444,188.606422,0.216481,0.108536,0.107945,0,1,1,0,0,2,1,1,1,1,1,1
10010,80,7.071333,5090,915210,254,252,2,346,112,696,255,255,45,1315,1,443364,3007.833895,1208.563053,63.705703,10.090862,0.136165,0.04431,0.091855,0,1,1,0,0,1,1,1,1,1,1,1
54306,80,0.269653,1006,268,254,252,2,1,10,6,255,255,101,45,1,0,1360.492067,66.16818,27.707444,48.263398,0.05576,0.028325,0.027435,0,1,1,0,0,1,1,1,1,1,1,1
26652,80,0.260798,1308,268,254,252,2,1,10,6,255,255,131,45,1,0,1448.225397,62.970301,27.180222,45.143,0.08648,0.035079,0.051401,0,1,1,0,0,1,1,1,1,1,1,1
4000,3533,0.000009,2050,0,254,0,0,0,2,0,0,0,1025,0,0,0,0,0,0.009,0,0,0,0,0,2,0,0,0,1,1,1,1,1,1,1
10815,80,0.315213,1302,268,254,252,2,1,10,6,255,255,130,45,1,0,1657.568439,81.730828,28.554111,59.245199,0.068144,0.018976,0.049168,0,1,1,0,0,1,3,1,1,1,1,1
16755,80,0.489608,8682,268,254,252,4,1,14,6,255,255,620,45,1,0,2140.566103,125.556797,32.29,88.456602,0.075372,0.047323,0.028049,0,1,1,0,0,1,1,1,1,1,1,1
32511,80,0.256677,1022,268,254,252,2,1,10,6,255,255,102,45,0,0,1286.961789,53.508348,25.012556,39.426801,0.085167,0.059532,0.025635,0,1,0,0,0,1,1,1,1,1,1,1
54215,80,3.422533,3006,482406,254,252,2,184,62,372,255,255,48,1297,0,0,2660.789828,1101.114492,56.1071,9.093644,0.102029,0.048024,0.054005,0,1,0,0,0,1,1,2,1,1,1,1
58460,80,0.553215,1302,268,254,252,2,1,10,6,255,255,130,45,0,0,3146.843315,158.934672,57.611222,97.146602,0.154293,0.067479,0.086814,0,1,0,0,0,1,1,1,1,1,1,1
6240,69,0.000004,92,0,254,0,0,0,2,0,0,0,46,0,0,0,0,0,0.004,0,0,0,0,0,2,0,0,0,1,15,4,1,1,1,1
11509,80,0.476089,1296,268,254,252,2,1,10,6,255,255,130,45,0,0,2719.321673,140.007906,52.898778,75.371797,0.104906,0.070645,0.034261,0,1,0,0,0,1,1,1,7,1,1,1
12694,80,0.595302,1296,268,254,252,2,1,10,6,255,255,130,45,0,0,3761.763261,170.039094,59.988889,103.168398,0.143299,0.079449,0.06385,0,1,0,0,0,1,1,1,8,1,1,1
28389,80,1.286678,1302,354,254,252,2,1,10,8,255,255,130,44,0,0,8987.440065,234.690859,138.953333,162.000859,0.253241,0.152666,0.100575,0,1,0,0,0,1,1,1,2,1,1,1
27564,1434,0.000011,808,0,254,0,0,0,2,0,0,0,404,0,0,0,0,0,0.011,0,0,0,0,0,2,0,0,0,2,1,1,1,1,1,1
7566,80,2.095087,2004,263720,254,252,2,100,38,204,255,255,53,1293,1,127488,2715.093495,1200.314438,56.623971,9.804177,0.157886,0.104189,0.053697,0,1,1,0,0,4,1,1,3,2,1,1
24561,80,0.431666,1294,354,254,252,2,1,10,8,255,255,129,44,1,0,3088.235721,113.840578,47.962889,52.069145,0.097639,0.047976,0.049663,0,1,1,0,0,1,1,1,1,1,1,1
43294,80,0.22641,1314,268,254,252,2,1,10,6,255,255,131,45,0,0,1105.716695,46.969715,22.389,34.993801,0.067477,0.051439,0.016038,0,1,0,0,0,2,2,1,1,1,1,1
34469,80,0.713732,1308,268,254,252,2,1,10,6,255,255,131,45,0,0,3826.819719,162.904703,79.144556,117.764398,0.232683,0.124904,0.107779,0,1,0,0,0,4,3,1,2,2,1,1
2318,80,0.556154,1296,268,254,252,2,1,10,6,255,255,130,45,0,0,3131.494886,137.110156,58.261,91.630602,0.230332,0.098,0.132332,0,1,0,0,0,4,1,1,1,1,1,1
9179,80,0.731113,1308,268,254,252,2,1,10,6,255,255,131,45,0,0,4007.445821,167.979797,81.186444,107.014797,0.246384,0.196027,0.050357,0,1,0,0,0,1,1,1,1,1,1,1
44381,80,0.544761,1282,268,254,252,2,1,10,6,255,255,128,45,1,0,3011.273709,139.396953,58.176889,89.090203,0.157189,0.099303,0.057886,0,1,1,0,0,1,1,1,1,1,1,1
29092,80,3.99375,2416,308476,254,252,2,116,48,236,255,255,50,1307,0,0,4002.976879,1923.690198,84.973407,16.561085,0.217738,0.101218,0.11652,0,1,0,0,0,1,2,1,1,1,1,1
4618,80,0.560773,1306,268,254,252,2,1,10,6,255,255,131,45,1,0,3096.431149,153.794734,62.216222,94.112602,0.146868,0.090199,0.056669,0,1,1,0,0,1,1,1,2,1,1,1
63237,80,1.428784,1292,354,254,252,2,1,10,8,255,255,129,44,1,0,8772.672668,338.968969,154.344444,188.606422,0.216481,0.108536,0.107945,0,1,1,0,0,2,1,1,1,1,1,1
10010,80,7.071333,5090,915210,254,252,2,346,112,696,255,255,45,1315,1,443364,3007.833895,1208.563053,63.705703,10.090862,0.136165,0.04431,0.091855,0,1,1,0,0,1,1,1,1,1,1,1
54306,80,0.269653,1006,268,254,252,2,1,10,6,255,255,101,45,1,0,1360.492067,66.16818,27.707444,48.263398,0.05576,0.028325,0.027435,0,1,1,0,0,1,1,1,1,1,1,1
26652,80,0.260798,1308,268,254,252,2,1,10,6,255,255,131,45,1,0,1448.225397,62.970301,27.180222,45.143,0.08648,0.035079,0.051401,0,1,1,0,0,1,1,1,1,1,1,1
4000,3533,0.000009,2050,0,254,0,0,0,2,0,0,0,1025,0,0,0,0,0,0.009,0,0,0,0,0,2,0,0,0,1,1,1,1,1,1,1
10815,80,0.315213,1302,268,254,252,2,1,10,6,255,255,130,45,1,0,1657.568439,81.730828,28.554111,59.245199,0.068144,0.018976,0.049168,0,1,1,0,0,1,3,1,1,1,1,1
16755,80,0.489608,8682,268,254,252,4,1,14,6,255,255,620,45,1,0,2140.566103,125.556797,32.29,88.456602,0.075372,0.047323,0.028049,0,1,1,0,0,1,1,1,1,1,1,1
32511,80,0.256677,1022,268,254,252,2,1,10,6,255,255,102,45,0,0,1286.961789,53.508348,25.012556,39.426801,0.085167,0.059532,0.025635,0,1,0,0,0,1,1,1,1,1,1,1
54215,80,3.422533,3006,482406,254,252,2,184,62,372,255,255,48,1297,0,0,2660.789828,1101.114492,56.1071,9.093644,0.102029,0.048024,0.054005,0,1,0,0,0,1,1,2,1,1,1,1
58460,80,0.553215,1302,268,254,252,2,1,10,6,255,255,130,45,0,0,3146.843315,158.934672,57.611222,97.146602,0.154293,0.067479,0.086814,0,1,0,0,0,1,1,1,1,1,1,1
6240,69,0.000004,92,0,254,0,0,0,2,0,0,0,46,0,0,0,0,0,0.004,0,0,0,0,0,2,0,0,0,1,15,4,1,1,1,1
11509,80,0.476089,1296,268,254,252,2,1,10,6,255,255,130,45,0,0,2719.321673,140.007906,52.898778,75.371797,0.104906,0.070645,0.034261,0,1,0,0,0,1,1,1,7,1,1,1
12694,80,0.595302,1296,268,254,252,2,1,10,6,255,255,130,45,0,0,3761.763261,170.039094,59.988889,103.168398,0.143299,0.079449,0.06385,0,1,0,0,0,1,1,1,8,1,1,1
